##FastQC	0.11.8
>>Basic Statistics	pass
#Measure	Value
Filename	HG00448.mapped.ILLUMINA.bwa.CHS.exome.20121211.bam
File type	Conventional base calls
Encoding	Sanger / Illumina 1.9
Total Sequences	98505409
Sequences flagged as poor quality	0
Sequence length	90
%GC	44
>>END_MODULE
>>Per base sequence quality	fail
#Base	Mean	Median	Lower Quartile	Upper Quartile	10th Percentile	90th Percentile
1	24.76110033713986	25.0	25.0	26.0	24.0	26.0
2	30.009884421676784	30.0	28.0	34.0	27.0	35.0
3	30.661352362894103	30.0	29.0	35.0	27.0	36.0
4	31.15025351552015	31.0	29.0	35.0	27.0	37.0
5	32.183232455793366	32.0	30.0	36.0	28.0	38.0
6	32.295800406249775	32.0	30.0	36.0	28.0	38.0
7	31.96881222025077	32.0	30.0	36.0	28.0	37.0
8	32.021307906046054	32.0	30.0	36.0	28.0	38.0
9	31.89132945988783	32.0	30.0	36.0	28.0	38.0
10	31.953304208908975	32.0	30.0	36.0	28.0	38.0
11	32.04029155393893	32.0	30.0	36.0	28.0	38.0
12	32.078235673332415	32.0	30.0	36.0	28.0	38.0
13	32.147563531257454	32.0	30.0	36.0	28.0	38.0
14	32.05098092633675	32.0	30.0	36.0	28.0	38.0
15	32.05714525788122	32.0	30.0	36.0	28.0	38.0
16	32.05264222597157	32.0	30.0	36.0	28.0	38.0
17	32.035702709482685	32.0	30.0	36.0	28.0	38.0
18	32.00586991116396	32.0	30.0	36.0	28.0	38.0
19	31.970184946899717	32.0	30.0	36.0	28.0	38.0
20	31.99739287413141	32.0	30.0	36.0	28.0	38.0
21	31.9527792225095	32.0	30.0	36.0	28.0	38.0
22	31.85753116359326	32.0	30.0	36.0	28.0	38.0
23	31.801751109931434	32.0	30.0	36.0	27.0	38.0
24	31.7767827957549	32.0	30.0	36.0	28.0	38.0
25	31.774288343902008	32.0	30.0	36.0	28.0	38.0
26	31.791222794679225	32.0	30.0	36.0	28.0	38.0
27	31.693049099466204	32.0	30.0	36.0	28.0	38.0
28	31.65118872812355	32.0	30.0	36.0	27.0	38.0
29	31.61784244761625	32.0	30.0	36.0	27.0	38.0
30	31.51283777726358	32.0	30.0	36.0	27.0	38.0
31	31.515161842533946	32.0	30.0	36.0	27.0	38.0
32	31.337705353824784	32.0	30.0	36.0	27.0	38.0
33	31.16118466144331	32.0	30.0	35.0	27.0	38.0
34	31.04894691620437	32.0	30.0	35.0	26.0	38.0
35	31.190071927928344	32.0	30.0	35.0	27.0	38.0
36	31.289199794094557	32.0	30.0	35.0	27.0	38.0
37	31.222009696949737	32.0	30.0	35.0	26.0	38.0
38	31.173462078615398	32.0	30.0	35.0	26.0	38.0
39	31.049988057001013	32.0	30.0	35.0	26.0	38.0
40	30.945098415864656	32.0	30.0	35.0	26.0	38.0
41	31.02727458346983	32.0	30.0	35.0	26.0	38.0
42	30.879579617805557	32.0	30.0	35.0	25.0	38.0
43	30.804471589981418	32.0	30.0	35.0	25.0	38.0
44	30.696568956939206	32.0	30.0	35.0	25.0	38.0
45	30.605689186062868	32.0	30.0	35.0	25.0	38.0
46	30.59920003986786	32.0	30.0	35.0	25.0	38.0
47	30.424207679803654	32.0	30.0	35.0	24.0	38.0
48	30.315350002759747	32.0	29.0	35.0	23.0	38.0
49	30.21145064226879	32.0	29.0	35.0	23.0	38.0
50	30.074777030771987	32.0	29.0	35.0	22.0	37.0
51	30.226038582307698	32.0	30.0	35.0	24.0	38.0
52	30.099280213130225	32.0	29.0	35.0	23.0	38.0
53	30.011935111096285	32.0	29.0	35.0	22.0	37.0
54	29.904001647259797	32.0	29.0	35.0	22.0	37.0
55	29.79022464644556	32.0	29.0	35.0	21.0	37.0
56	29.829948921891184	32.0	29.0	35.0	20.0	38.0
57	29.62303311689209	32.0	29.0	35.0	19.0	37.0
58	29.506963703891632	32.0	29.0	35.0	17.0	37.0
59	29.39221073636677	32.0	29.0	35.0	16.0	37.0
60	29.305202143772632	32.0	29.0	35.0	14.0	37.0
61	29.163333122143577	32.0	29.0	35.0	10.0	37.0
62	28.995251874950338	32.0	29.0	35.0	7.0	37.0
63	28.88377475799324	32.0	29.0	35.0	4.0	37.0
64	28.710079575427173	31.0	29.0	35.0	2.0	37.0
65	28.620946764456356	31.0	29.0	35.0	2.0	37.0
66	28.555257326021557	31.0	29.0	35.0	2.0	37.0
67	28.34242117607978	32.0	29.0	34.0	2.0	37.0
68	28.227955878037115	31.0	28.0	34.0	2.0	37.0
69	28.085825682932803	31.0	28.0	34.0	2.0	37.0
70	27.889770205410752	31.0	28.0	34.0	2.0	37.0
71	27.78819772221848	31.0	28.0	34.0	2.0	37.0
72	27.578466447461782	31.0	28.0	34.0	2.0	37.0
73	27.36058422944064	31.0	27.0	34.0	2.0	37.0
74	27.241928806163326	31.0	27.0	34.0	2.0	37.0
75	27.09573214400846	31.0	27.0	34.0	2.0	37.0
76	27.268491987074537	31.0	28.0	34.0	2.0	37.0
77	27.055250103067944	31.0	27.0	34.0	2.0	37.0
78	26.92990744295067	31.0	27.0	34.0	2.0	37.0
79	26.696209423383035	31.0	26.0	34.0	2.0	37.0
80	26.530264810128344	31.0	26.0	34.0	2.0	37.0
81	26.48203249427653	31.0	26.0	34.0	2.0	37.0
82	26.184900171319526	31.0	26.0	34.0	2.0	37.0
83	25.9144949898132	31.0	25.0	33.0	2.0	37.0
84	25.69256853702318	31.0	24.0	34.0	2.0	37.0
85	25.379774018297816	31.0	24.0	33.0	2.0	37.0
86	25.08202926196672	31.0	22.0	33.0	2.0	37.0
87	24.553647546400217	30.0	20.0	33.0	2.0	36.0
88	24.0727721154886	30.0	17.0	33.0	2.0	36.0
89	23.644535712754617	29.0	14.0	32.0	2.0	36.0
90	23.22886108721197	29.0	2.0	32.0	2.0	36.0
>>END_MODULE
>>Per sequence quality scores	pass
#Quality	Count
2	1155019.0
3	140338.0
4	180467.0
5	168461.0
6	208794.0
7	225495.0
8	276763.0
9	334026.0
10	380377.0
11	438763.0
12	472145.0
13	529309.0
14	552741.0
15	612372.0
16	660428.0
17	739933.0
18	831069.0
19	933957.0
20	1051616.0
21	1133361.0
22	1242767.0
23	1315323.0
24	1425187.0
25	1567187.0
26	1799966.0
27	2204633.0
28	2828132.0
29	3864432.0
30	5679365.0
31	9637453.0
32	2.2873286E7
33	3.0791476E7
34	2250492.0
35	276.0
>>END_MODULE
>>Per base sequence content	pass
#Base	G	A	T	C
1	19.16406641182516	29.919753949755183	28.517323348203146	22.39885629021651
2	21.288760904490026	29.62742685531106	27.777852280172755	21.305959960026154
3	21.17365148953394	27.98122182305745	28.78551572736478	22.05961096004383
4	21.253998346425828	27.487623547657165	28.98712191530518	22.271256190611826
5	21.521986675878885	27.765316927926264	29.011077960196076	21.70161843599878
6	22.111727895064117	28.02178203229429	27.612273555455214	22.254216517186382
7	22.082837095778164	27.965635876909055	28.168616608657498	21.782910418655284
8	21.431299270073588	28.217770254626323	28.467012405379688	21.883918069920405
9	21.393664788499077	27.75649000147799	28.811626983854254	22.038218226168677
10	21.628561534118397	28.00749550717565	28.31499232696958	22.048950631736375
11	21.528934517697397	27.97931228324731	28.24161970638587	22.25013349266942
12	21.56999419189255	27.990124887456684	28.116641797812342	22.323239122838423
13	21.49091630085004	28.112212599411674	28.216394695645597	22.180476404092694
14	21.52491341871389	28.152433740973553	28.343184687452037	21.97946815286052
15	21.555867048884593	28.138701500137923	28.191710771943495	22.113720679033978
16	21.580810856792645	28.017126450386087	28.182071707351625	22.21999098546964
17	21.61678959172689	28.064260917895385	28.211810175824965	22.107139314552768
18	21.69165857684018	27.810547946661483	28.1297385405506	22.368054935947733
19	21.82279959875097	27.831094026521935	28.128946705860592	22.21715966886651
20	21.7486919931473	27.91428438208911	28.10417750765341	22.232846117110178
21	21.830986966411153	27.690259120694584	28.021384084603923	22.457369828290343
22	21.986671818194267	27.70397308842198	27.990320815783832	22.319034277599922
23	21.89069739307412	27.69084893602137	27.977728613867285	22.440725057037223
24	21.935064499859088	27.60721901068397	28.040431769589425	22.417284719867514
25	21.92463766126792	27.649817686661248	27.92770801043017	22.497836641640664
26	21.98597134904541	27.637686373141197	28.060049981620804	22.31629229619259
27	22.03058209727346	27.567771430703868	27.963289812846725	22.438356659175945
28	22.050324160371744	27.613276546062558	27.79200277215234	22.544396521413358
29	22.081641222361707	27.605989636569095	27.802309820367327	22.510059320701874
30	22.263772337618537	27.51588697022719	27.76639808682993	22.453942605324343
31	22.13605752350107	27.68698214328515	27.763542406082493	22.41341792713129
32	22.16194239648302	27.53889078314471	27.876749387437194	22.42241743293508
33	22.20251377261933	27.477855556134994	27.749581751393976	22.5700489198517
34	22.216068358236043	27.543869189964994	27.79069421456846	22.449368237230505
35	22.276343220908814	27.552252485952323	27.69113622988967	22.4802680632492
36	22.300251552683772	27.47081939429336	27.696288231238142	22.53264082178472
37	22.26266579939788	27.52546715480365	27.694748214283337	22.51711883151513
38	22.29964346424875	27.48528966566699	27.711408213126653	22.503658656957608
39	22.348497634277116	27.41418392567661	27.638488359558	22.59883008048827
40	22.374092167872732	27.44615171335414	27.64344849327005	22.53630762550308
41	22.38876039791886	27.46001389629274	27.63405916115733	22.517166544631067
42	22.397908118933856	27.415517862577477	27.582794971187823	22.603779047300847
43	22.410107449023435	27.434317845429177	27.598108851058118	22.55746585448927
44	22.45254572771735	27.38570325615317	27.607854508781337	22.55389650734814
45	22.46408824108329	27.354395330717324	27.56378180207343	22.617734626125962
46	22.488507204716036	27.377796076152528	27.549963271560042	22.58373344757139
47	22.49967410419056	27.351862474881962	27.549646537684037	22.598816883243437
48	22.54787856370405	27.28418700337562	27.52379719574587	22.64413723717446
49	22.516196039549463	27.321151470981658	27.53707768473912	22.62557480472976
50	22.549114028855005	27.321841788403724	27.512593750054883	22.616450432686392
51	22.540847477725816	27.26906093045104	27.51604939785591	22.674042193967235
52	22.54525231198218	27.29558333187572	27.519474590476552	22.63968976566556
53	22.575053721161648	27.286156438373855	27.518584284036624	22.620205556427873
54	22.582720305237245	27.228621526763064	27.49458154120247	22.694076626797216
55	22.608364582294154	27.27232268027028	27.454156349932013	22.665156387503554
56	22.641189175713183	27.23778853605897	27.46436086570637	22.65666142252148
57	22.674189394005765	27.192848871882763	27.426281738498236	22.706679995613236
58	22.670747958622254	27.223564951646463	27.41776748523525	22.687919604496035
59	22.669286109963767	27.240239162907287	27.427271531860754	22.663203195268192
60	22.69795864712363	27.178136989411417	27.38109640253359	22.742807960931362
61	22.707912415246152	27.216292254570508	27.361674118829356	22.714121211353987
62	22.751930302629372	27.176296481343478	27.37733011189264	22.694443104134514
63	22.771300812526952	27.13528959612766	27.34422736115943	22.74918223018596
64	22.792510815319798	27.151150654072204	27.335346630559137	22.72099190004886
65	22.798357194781047	27.14278461602043	27.362075112037754	22.696783077160767
66	22.842833940215403	27.083327982527333	27.3053157923541	22.768522284903156
67	22.833414152922302	27.113612613902248	27.300839896010174	22.752133337165272
68	22.833449683966087	27.12700984775364	27.28551586441309	22.754024603867183
69	22.881980013909693	27.048510605138443	27.25951120105496	22.809998179896905
70	22.907370497796727	27.087634345033784	27.23344156664534	22.771553590524153
71	22.93359849914435	27.071048453796077	27.231311734363743	22.764041312695834
72	22.95573941528429	27.02341046063775	27.194903581386075	22.825946542691884
73	22.951328489991855	27.045525997460707	27.186418768130793	22.816726744416645
74	22.973189218472257	27.035748869384424	27.191289566647047	22.799772345496276
75	23.043851328001693	26.968123141339372	27.14701687092127	22.84100865973766
76	22.947987556703612	27.024598212672768	27.19143879703093	22.835975433592687
77	22.999856789590105	27.00121777069115	27.179095312420863	22.819830127297884
78	23.02873236128587	26.964984227414355	27.14938425360987	22.85689915768991
79	23.042809760832526	26.97515727283565	27.130932474987233	22.851100491344592
80	23.05546185793716	26.987363709133984	27.115345513666156	22.841828919262696
81	23.10435765004539	26.92191349614111	27.082411281597746	22.891317572215755
82	23.09782298350743	26.952339236518476	27.071165198654217	22.878672581319876
83	23.120174040392037	26.93021760865944	27.073964029731606	22.87564432121692
84	23.151328674753284	26.875807398556155	27.01800669646476	22.9548572302258
85	23.151850473510546	26.903261728500617	27.01016753303364	22.934720264955196
86	23.158849073963033	26.894206388199454	26.995980494837596	22.950964042999914
87	23.19806722491757	26.83548778524436	26.97271070667805	22.993734283160023
88	23.217089530586083	26.853163971939853	26.951991032289403	22.977755465184657
89	23.31160819808382	26.78496974719429	26.908954816887267	22.994467237834627
90	23.34088476298799	26.752506555249163	26.84942610613393	23.057182575628918
>>END_MODULE
>>Per sequence GC content	warn
#GC Content	Count
0	209.0
1	292.0
2	514.5
3	758.5
4	1011.5
5	1303.5
6	1681.0
7	2269.5
8	2999.5
9	3961.5
10	4548.0
11	5566.5
12	8017.0
13	11745.0
14	18069.0
15	29284.5
16	48600.5
17	81112.5
18	131848.0
19	203561.5
20	244923.0
21	300393.0
22	427701.5
23	585921.0
24	772041.5
25	980316.5
26	1209224.0
27	1449521.5
28	1692619.5
29	1935366.0
30	2054940.0
31	2169849.5
32	2391717.0
33	2599172.0
34	2788615.0
35	2951460.0
36	3090574.5
37	3213519.0
38	3312094.5
39	3377120.0
40	3401299.0
41	3411403.0
42	3418126.0
43	3400322.5
44	3367304.0
45	3321340.0
46	3256537.0
47	3183048.0
48	3105624.0
49	3019180.5
50	2974107.0
51	2925218.5
52	2830591.0
53	2732728.5
54	2634703.5
55	2536466.0
56	2422349.5
57	2291487.0
58	2143676.5
59	1973495.0
60	1882042.0
61	1786363.0
62	1589506.5
63	1388054.0
64	1192365.5
65	1006811.5
66	834767.0
67	678474.5
68	541938.5
69	425267.0
70	370743.0
71	327380.5
72	249214.5
73	187650.5
74	140271.0
75	104423.5
76	77600.0
77	57285.0
78	41868.0
79	30306.5
80	25442.0
81	21743.5
82	15522.0
83	11016.5
84	7631.5
85	5298.5
86	3654.0
87	2438.5
88	1640.0
89	1119.0
90	895.0
91	751.5
92	517.0
93	370.5
94	239.5
95	149.0
96	111.0
97	72.0
98	40.0
99	16.5
100	9.0
>>END_MODULE
>>Per base N content	pass
#Base	N-Count
1	0.0
2	0.0
3	0.0
4	0.0
5	0.0
6	0.0
7	0.0
8	0.0
9	0.0
10	0.0
11	0.0
12	0.0
13	0.0
14	0.0
15	0.0
16	0.0
17	0.0
18	0.0
19	0.0
20	0.0
21	0.0
22	0.0
23	0.0
24	0.0
25	0.0
26	0.0
27	0.0
28	0.0
29	0.0
30	0.0
31	0.0
32	0.0
33	0.0
34	0.0
35	0.0
36	0.0
37	0.0
38	0.0
39	0.0
40	0.0
41	0.0
42	0.0
43	0.0
44	0.0
45	0.0
46	0.0
47	0.0
48	0.0
49	0.0
50	0.0
51	0.0
52	0.0
53	0.0
54	0.0
55	0.0
56	0.0
57	0.0
58	0.0
59	0.0
60	0.0
61	0.0
62	0.0
63	0.0
64	0.0
65	0.0
66	0.0
67	0.0
68	0.0
69	0.0
70	0.0
71	0.0
72	0.0
73	0.0
74	0.0
75	0.0
76	0.0
77	0.0
78	0.0
79	0.0
80	0.0
81	0.0
82	0.0
83	0.0
84	0.0
85	0.0
86	0.0
87	0.0
88	0.0
89	0.0
90	0.0
>>END_MODULE
>>Sequence Length Distribution	pass
#Length	Count
90	9.8505409E7
>>END_MODULE
>>Sequence Duplication Levels	pass
#Total Deduplicated Percentage	90.19705263473021
#Duplication Level	Percentage of deduplicated	Percentage of total
1	92.93715609903414	83.8265756038672
2	5.501769992755303	9.924868752414588
3	0.898656191243774	2.431684193464226
4	0.2508879594950719	0.9051741795198825
5	0.12418694942075857	0.560064840672537
6	0.08095190332379615	0.4380973850986819
7	0.05131732725592201	0.32400701673032506
8	0.0385311476643834	0.27803167631687614
9	0.028084589050277046	0.22798324411133458
>10	0.08835709208750096	1.0457687631230799
>50	8.003989351657836E-5	0.005219742661473385
>100	1.2566070274043132E-5	0.0022927654568254303
>500	5.459967312413881E-6	0.0027507288359735625
>1k	1.3413690046683899E-6	0.004639871802984311
>5k	0.0	0.0
>10k+	1.3413690046683899E-6	0.02284123592400021
>>END_MODULE
>>Overrepresented sequences	pass
>>END_MODULE
>>Adapter Content	pass
#Position	Illumina Universal Adapter	Illumina Small RNA 3' Adapter	Illumina Small RNA 5' Adapter	Nextera Transposase Sequence	SOLID Small RNA Adapter
1	0.03489960637593008	3.045518038506901E-6	0.0	1.4212417513032202E-5	1.0151726795023002E-6
2	0.03494528914650768	4.060690718009201E-6	0.0	2.5379316987557505E-5	3.045518038506901E-6
3	0.0349544257006232	6.091036077013802E-6	0.0	3.3500698423575905E-5	5.075863397511501E-6
4	0.03495848639134121	9.136554115520702E-6	0.0	4.466759789810121E-5	6.091036077013802E-6
5	0.03497066846349524	1.2182072154027603E-5	0.0	5.8880015411133414E-5	8.121381436018402E-6
6	0.034979805017610756	1.3197244833529904E-5	0.0	7.207726024466331E-5	1.1166899474525303E-5
7	0.0349990932985213	1.6242762872036803E-5	0.0	8.628967775769552E-5	1.1166899474525303E-5
8	0.03502041192479085	2.0303453590046005E-5	0.0	9.745657723222083E-5	1.1166899474525303E-5
9	0.03506406435000945	2.3348971628552905E-5	0.0	1.0963864938624842E-4	1.5227590192534503E-5
10	0.03512497471077959	2.6394489667059807E-5	0.0	1.1877520350176912E-4	1.5227590192534503E-5
11	0.035215325079255295	3.147035306457131E-5	0.0	1.3197244833529904E-4	1.8273108231041404E-5
12	0.035282326476102445	3.3500698423575905E-5	0.0	1.3907865709181512E-4	1.9288280910543703E-5
13	0.03535643408170611	3.654621646208281E-5	0.0	1.4821521120733584E-4	2.0303453590046005E-5
14	0.035431556859989284	3.8576561821087406E-5	0.0	1.5836693800235884E-4	2.1318626269548304E-5
15	0.03551987688310598	3.959173450058971E-5	0.0	1.7054901015638643E-4	2.3348971628552905E-5
16	0.035613272769620195	4.263725253909661E-5	0.0	1.8273108231041404E-4	2.4364144308055207E-5
17	0.0357036231380959	4.365242521859891E-5	0.0	1.9288280910543704E-4	2.7409662346562106E-5
18	0.03579701902461011	4.466759789810121E-5	0.0	2.0608005393896693E-4	2.9440007705566707E-5
19	0.03589244525648333	4.872828861611041E-5	0.0	2.1826212609299454E-4	2.9440007705566707E-5
20	0.03608837358362727	5.177380665461731E-5	0.0	2.3247454360602674E-4	3.0455180385069006E-5
21	0.03616146601655144	5.3804152013621914E-5	0.0	2.3755040700353824E-4	3.0455180385069006E-5
22	0.03626907432057868	5.8880015411133414E-5	0.0	2.537931698755751E-4	3.0455180385069006E-5
23	0.036363485379772395	6.294070612914262E-5	0.0	2.7206627810661646E-4	3.147035306457131E-5
24	0.036448759884850586	6.598622416764952E-5	0.0	2.862786956196487E-4	3.3500698423575905E-5
25	0.03652591300849276	6.700139684715181E-5	1.0151726795023002E-6	2.9236973169666247E-4	3.553104378258051E-5
26	0.036589868887301404	7.004691488565871E-5	1.0151726795023002E-6	3.1064283992770386E-4	3.553104378258051E-5
27	0.036647733730033036	7.106208756516102E-5	1.0151726795023002E-6	3.136883579662108E-4	3.553104378258051E-5
28	0.0367177806449187	7.309243292416562E-5	1.0151726795023002E-6	3.2282491208173147E-4	3.756138914158511E-5
29	0.03681219170411241	7.613795096267252E-5	1.0151726795023002E-6	3.4211319299227516E-4	3.959173450058971E-5
30	0.036897466209190606	8.019864168068171E-5	1.0151726795023002E-6	3.5124974710779586E-4	4.263725253909661E-5
31	0.03708730350025753	8.324415971918862E-5	2.0303453590046004E-6	3.58355955864312E-4	4.466759789810121E-5
32	0.03737561254123619	8.730485043719783E-5	2.0303453590046004E-6	3.654621646208281E-4	4.669794325710581E-5
33	0.03805476306382322	8.730485043719783E-5	2.0303453590046004E-6	3.766290640953534E-4	4.771311593660811E-5
34	0.04412041982384947	8.832002311670012E-5	2.0303453590046004E-6	3.796745821338603E-4	4.771311593660811E-5
35	0.06670192090669863	9.238071383470933E-5	2.0303453590046004E-6	3.88811136249381E-4	5.075863397511501E-5
36	0.066864348535419	9.745657723222083E-5	2.0303453590046004E-6	3.959173450058971E-4	5.075863397511501E-5
37	0.06690901613331711	1.0151726795023002E-4	2.0303453590046004E-6	4.040387264419155E-4	5.2788979334119615E-5
38	0.0669486078678177	1.0557795866823923E-4	2.0303453590046004E-6	4.111449351984316E-4	5.3804152013621914E-5
39	0.0669983513291133	1.0963864938624842E-4	2.0303453590046004E-6	4.162207985959431E-4	5.583449737262651E-5
40	0.06705824651720395	1.1674485814276452E-4	2.0303453590046004E-6	4.253573527114638E-4	5.684967005212881E-5
41	0.06711509618725607	1.2283589421977832E-4	2.0303453590046004E-6	4.324635614679799E-4	5.989518809063571E-5
42	0.06718209758410322	1.2385106689928062E-4	2.0303453590046004E-6	4.4363046094250517E-4	5.989518809063571E-5
43	0.0672602658804249	1.2689658493778754E-4	2.0303453590046004E-6	4.547973604170305E-4	5.989518809063571E-5
44	0.06741051143699124	1.3095727565579673E-4	2.0303453590046004E-6	4.649490872120535E-4	5.989518809063571E-5
45	0.06750796801422346	1.3704831173281054E-4	2.0303453590046004E-6	4.761159866865788E-4	6.192553344964031E-5
46	0.06774754876658601	1.4110900245081973E-4	2.0303453590046004E-6	4.80176677404588E-4	6.294070612914262E-5
47	0.06784703568917723	1.4618486584833123E-4	3.045518038506901E-6	4.872828861611041E-4	6.294070612914262E-5
48	0.06792520398549891	1.5126072924584273E-4	3.045518038506901E-6	4.933739222381179E-4	6.497105148814721E-5
49	0.06801961504469262	1.5735176532285654E-4	3.045518038506901E-6	5.025104763536386E-4	6.700139684715181E-5
50	0.06811098058584783	1.6141245604086573E-4	3.045518038506901E-6	5.096166851101548E-4	7.004691488565871E-5
51	0.06820437647236204	1.6547314675887493E-4	3.045518038506901E-6	5.238291026231869E-4	7.410760560366792E-5
52	0.0682784840779657	1.7156418283588874E-4	3.045518038506901E-6	5.319504840592053E-4	7.715312364217481E-5
53	0.0683657889284029	1.7460970087439565E-4	3.045518038506901E-6	5.461629015722375E-4	8.121381436018402E-5
54	0.06844192687936558	1.7664004623340024E-4	3.045518038506901E-6	5.563146283672605E-4	8.222898703968631E-5
55	0.06852517103908477	1.8070073695140943E-4	3.045518038506901E-6	5.603753190852697E-4	8.324415971918862E-5
56	0.068624657961676	1.8983729106693015E-4	3.045518038506901E-6	5.705270458802928E-4	8.425933239869092E-5
57	0.06872109936622871	1.9592832714394393E-4	3.045518038506901E-6	5.776332546368088E-4	8.628967775769552E-5
58	0.06882769249757645	1.9897384518245085E-4	3.045518038506901E-6	5.888001541113342E-4	8.832002311670012E-5
59	0.06891905803873166	2.1014074465697615E-4	3.045518038506901E-6	5.979367082268548E-4	9.238071383470933E-5
60	0.06902159047936139	2.2435316217000835E-4	3.045518038506901E-6	6.060580896628732E-4	9.238071383470933E-5
61	0.06915254775501718	2.2739868020851524E-4	3.045518038506901E-6	6.223008525349101E-4	9.238071383470933E-5
62	0.06926015605904444	2.3044419824702216E-4	3.045518038506901E-6	6.294070612914262E-4	9.339588651421162E-5
63	0.06937385539914868	2.3653523432403596E-4	3.045518038506901E-6	6.415891334454537E-4	9.644140455271852E-5
64	0.0695088733655225	2.4059592504204516E-4	3.045518038506901E-6	6.517408602404768E-4	1.0050209527072772E-4
65	0.06965505823137083	2.4567178843955663E-4	4.060690718009201E-6	6.649381050740067E-4	1.0151726795023002E-4
66	0.06979718240650115	2.4770213379856124E-4	4.060690718009201E-6	6.710291411510204E-4	1.0456278598873692E-4
67	0.06993727623627247	2.537931698755751E-4	6.091036077013802E-6	6.821960406255457E-4	1.0760830402724383E-4
68	0.07009868869231334	2.639448966705981E-4	6.091036077013802E-6	6.943781127795734E-4	1.0862347670674612E-4
69	0.07025197976691817	2.7003593274761185E-4	6.091036077013802E-6	7.045298395745963E-4	1.1065382206575073E-4
70	0.07038699773329199	2.7308145078611877E-4	6.091036077013802E-6	7.146815663696194E-4	1.1166899474525302E-4
71	0.07054434949861484	2.7714214150412794E-4	6.091036077013802E-6	7.228029478056377E-4	1.1572968546326223E-4
72	0.07067632194695014	2.7917248686313255E-4	6.091036077013802E-6	7.319395019211584E-4	1.1572968546326223E-4
73	0.07085499233854255	2.8323317758114177E-4	6.091036077013802E-6	7.400608833571769E-4	1.1674485814276452E-4
74	0.07104076893889147	2.954152497351694E-4	6.091036077013802E-6	7.512277828317022E-4	1.1776003082226683E-4
75	0.07122146967584288	3.0252145849168547E-4	6.091036077013802E-6	7.644250276652321E-4	1.1979037618127143E-4
76	0.07141638283030732	3.065821492096947E-4	7.106208756516101E-6	7.735615817807528E-4	1.2182072154027602E-4
77	0.07161434150281026	3.1267318528670847E-4	8.121381436018402E-6	7.806677905372689E-4	1.2486623957878293E-4
78	0.07177879947688964	3.238400847612338E-4	8.121381436018402E-6	7.857436539347803E-4	1.2486623957878293E-4
79	0.0719848795308286	3.339918115562568E-4	9.136554115520702E-6	7.989408987683103E-4	1.2791175761728982E-4
>>END_MODULE
