##FastQC	0.11.8
>>Basic Statistics	pass
#Measure	Value
Filename	HG01066.mapped.ILLUMINA.bwa.PUR.exome.20120522.bam
File type	Conventional base calls
Encoding	Sanger / Illumina 1.9
Total Sequences	293828437
Sequences flagged as poor quality	0
Sequence length	76
%GC	48
>>END_MODULE
>>Per base sequence quality	fail
#Base	Mean	Median	Lower Quartile	Upper Quartile	10th Percentile	90th Percentile
1	26.11082923195756	27.0	26.0	32.0	18.0	33.0
2	28.66421032964893	30.0	28.0	34.0	17.0	36.0
3	28.931422781247004	31.0	28.0	35.0	16.0	37.0
4	29.638265189424125	32.0	29.0	36.0	15.0	38.0
5	29.649805440717095	32.0	29.0	36.0	14.0	38.0
6	29.83010113142997	32.0	29.0	36.0	11.0	38.0
7	29.67552886993031	32.0	29.0	36.0	8.0	39.0
8	29.607906300097156	32.0	29.0	36.0	6.0	39.0
9	29.296528548732674	32.0	29.0	36.0	2.0	38.0
10	29.457806468201035	32.0	29.0	36.0	2.0	39.0
11	29.661713392975642	32.0	29.0	36.0	2.0	39.0
12	29.671919903382257	32.0	29.0	37.0	2.0	39.0
13	29.644136516983888	32.0	29.0	37.0	2.0	39.0
14	29.722319865180374	33.0	30.0	37.0	2.0	39.0
15	29.73560746606701	33.0	30.0	37.0	2.0	39.0
16	29.85140383808392	33.0	30.0	37.0	2.0	39.0
17	29.658527962696816	33.0	29.0	37.0	2.0	39.0
18	29.53706251719945	33.0	29.0	37.0	2.0	39.0
19	29.469425779234566	33.0	29.0	37.0	2.0	39.0
20	29.35417161477805	33.0	29.0	37.0	2.0	39.0
21	29.359275497898796	33.0	29.0	37.0	2.0	39.0
22	29.294847564396907	33.0	29.0	37.0	2.0	39.0
23	29.18382751020113	33.0	29.0	37.0	2.0	39.0
24	29.203713196078432	33.0	29.0	37.0	2.0	39.0
25	29.137447816189418	33.0	29.0	37.0	2.0	39.0
26	29.16553934839193	33.0	29.0	37.0	2.0	40.0
27	28.950186625401408	33.0	29.0	37.0	2.0	39.0
28	28.807485958209007	33.0	29.0	37.0	2.0	39.0
29	28.73425692626204	33.0	29.0	37.0	2.0	39.0
30	28.631656067380572	33.0	29.0	37.0	2.0	39.0
31	28.575760170551497	33.0	29.0	37.0	2.0	39.0
32	28.37752519848853	33.0	28.0	37.0	2.0	39.0
33	28.1859195949778	33.0	28.0	37.0	2.0	39.0
34	28.05547178539428	33.0	28.0	37.0	2.0	40.0
35	27.92768972528006	33.0	28.0	37.0	2.0	40.0
36	27.905615905379506	33.0	28.0	37.0	2.0	40.0
37	27.647192092574755	33.0	26.0	37.0	2.0	40.0
38	27.453524976549495	33.0	26.0	37.0	2.0	40.0
39	27.293754351625264	33.0	25.0	36.0	2.0	39.0
40	27.162626563609294	33.0	25.0	36.0	2.0	39.0
41	27.111874260148618	33.0	24.0	37.0	2.0	40.0
42	26.796662421071247	33.0	22.0	36.0	2.0	39.0
43	26.614850314845462	33.0	21.0	36.0	2.0	39.0
44	26.408366331812875	32.0	20.0	36.0	2.0	39.0
45	26.250366662094045	32.0	18.0	36.0	2.0	39.0
46	26.126110009563167	33.0	14.0	36.0	2.0	39.0
47	25.829524022550615	32.0	11.0	36.0	2.0	39.0
48	25.637358878235464	32.0	7.0	36.0	2.0	39.0
49	25.426154620289527	32.0	2.0	36.0	2.0	39.0
50	25.22747167252569	32.0	2.0	36.0	2.0	39.0
51	25.117822227669542	32.0	2.0	36.0	2.0	39.0
52	24.839794046210713	32.0	2.0	36.0	2.0	39.0
53	24.586353954569756	32.0	2.0	36.0	2.0	39.0
54	24.402105450399276	32.0	2.0	36.0	2.0	39.0
55	24.167830835243493	32.0	2.0	35.0	2.0	39.0
56	24.111485145326487	32.0	2.0	36.0	2.0	39.0
57	23.694283089420647	31.0	2.0	36.0	2.0	39.0
58	23.402977088293195	31.0	2.0	35.0	2.0	39.0
59	23.13256748869409	31.0	2.0	35.0	2.0	39.0
60	22.85804232079824	31.0	2.0	35.0	2.0	39.0
61	22.579844911335112	31.0	2.0	35.0	2.0	39.0
62	22.20917743914623	31.0	2.0	35.0	2.0	39.0
63	21.88660973614341	30.0	2.0	35.0	2.0	39.0
64	21.45332026525397	30.0	2.0	34.0	2.0	38.0
65	21.155427117491694	30.0	2.0	34.0	2.0	38.0
66	20.8406806520228	30.0	2.0	35.0	2.0	38.0
67	20.416083954460813	29.0	2.0	34.0	2.0	38.0
68	19.985372583253405	28.0	2.0	34.0	2.0	38.0
69	19.56996148402069	28.0	2.0	34.0	2.0	38.0
70	19.024519144823277	27.0	2.0	33.0	2.0	37.0
71	18.465993177508548	25.0	2.0	34.0	2.0	37.0
72	17.931465993538264	22.0	2.0	33.0	2.0	37.0
73	17.385290995507013	19.0	2.0	32.0	2.0	36.0
74	16.94176181456528	14.0	2.0	32.0	2.0	36.0
75	16.43466625389972	2.0	2.0	32.0	2.0	35.0
76	15.135397966943547	2.0	2.0	30.0	2.0	34.0
>>END_MODULE
>>Per sequence quality scores	pass
#Quality	Count
1	30321.0
2	2.546325E7
3	2684299.0
4	1892128.0
5	2901528.0
6	1904008.0
7	2335964.0
8	2021768.0
9	2440412.0
10	2291428.0
11	2540916.0
12	2748165.0
13	2837927.0
14	3093644.0
15	3171700.0
16	3416378.0
17	3497125.0
18	3730981.0
19	3927777.0
20	4194449.0
21	4571614.0
22	4959724.0
23	5505565.0
24	5916785.0
25	6510775.0
26	6960605.0
27	7629257.0
28	8320567.0
29	9297920.0
30	1.0658573E7
31	1.2758815E7
32	1.6670911E7
33	2.4634897E7
34	4.2951383E7
35	4.2523854E7
36	6775686.0
37	57336.0
38	2.0
>>END_MODULE
>>Per base sequence content	pass
#Base	G	A	T	C
1	20.897164558650257	27.702332296720485	27.55903438985383	23.841468754775427
2	23.753463317779552	27.904689837764067	25.490560329938383	22.851286514517994
3	24.164349688182156	26.497307338567776	25.929791131822956	23.408551841427112
4	24.196718576970138	25.620665844538387	26.319042428150002	23.86357315034147
5	23.976350185601675	25.616724088553756	26.7702618586233	23.636663867221266
6	24.00078417188735	25.669535178448367	25.745776948063064	24.583903701601216
7	23.985703262615115	25.68639671864027	26.4445615929271	23.883338425817513
8	23.503031804916827	25.898744443173143	26.504906671099366	24.093317080810664
9	23.36264035601156	25.601348789804167	26.706843558508258	24.32916729567601
10	23.4535223015191	25.8555416812839	26.471358863063344	24.219577154133656
11	23.38969525948232	25.719138614211122	26.590992620635966	24.30017350567059
12	23.40437117051404	25.618630983630762	26.542780472946532	24.434217372908666
13	23.401988827922736	25.74391872084185	26.611902101225144	24.24219035001027
14	23.429469830382686	25.725490620228836	26.60961403133353	24.235425518054946
15	23.47075684849387	25.578830887631206	26.516926270141784	24.43348599373314
16	23.469755924270867	25.596355399732808	26.55851958944328	24.375369086553047
17	23.52902826760774	25.49717507431046	26.550725245153856	24.423071412927946
18	23.571136172908954	25.355462786605642	26.46284709331929	24.610553947166114
19	23.584513366893756	25.443615588507523	26.4609007194222	24.510970325176526
20	23.658470810298052	25.3944494827776	26.426785573514795	24.52029413340956
21	23.73699350277659	25.292515169319707	26.304674519981873	24.66581680792183
22	23.667115650892566	25.42302772416817	26.33960987241	24.570246752529265
23	23.726817156230524	25.415139447513717	26.316842504934268	24.541200891321488
24	23.792684164194768	25.30977728340161	26.22905964680335	24.668478905600278
25	23.770000519044384	25.414590147379094	26.233121540921513	24.582287792655006
26	23.849703151774925	25.379410775002693	26.201819941614435	24.56906613160795
27	23.91354516853656	25.29182122695633	26.089914503407986	24.70471910109912
28	23.89982457688396	25.370010391472082	26.104442368864383	24.625722662779573
29	23.95136723951603	25.34419090280224	26.08531385952953	24.6191279981522
30	24.033623062835133	25.235075868439516	25.979663091629213	24.751637977096138
31	24.024447640512072	25.318546686480182	26.000000809996482	24.657004863011267
32	24.077527594784844	25.29208975099983	25.97860601218799	24.651776642027336
33	24.15094526742488	25.19621407508627	25.87555880440531	24.777281853083537
34	24.149980759010063	25.283893811816448	25.885490790668435	24.680634638505055
35	24.211186883861753	25.250764955741843	25.86159419280442	24.67645396759198
36	24.26519617272257	25.14917767481103	25.778550001335642	24.80707615113075
37	24.258474930305756	25.236684207356184	25.78458557213697	24.720255290201084
38	24.297882499922512	25.202682317805348	25.781630060773665	24.717805121498476
39	24.35932468986996	25.10241512124301	25.703187809558404	24.835072379328622
40	24.358483382600575	25.182772217516852	25.704854428368346	24.75388997151423
41	24.39714117886406	25.159600551132854	25.70506342674761	24.73819484325547
42	24.457530296837813	25.063907275931907	25.613363964496056	24.865198462734224
43	24.44205911140412	25.152515827826733	25.620876224436284	24.784548836332863
44	24.50005307008457	25.117925873185655	25.62993962357701	24.752081433152775
45	24.54159968995536	25.051685255017713	25.51989445116718	24.886820603859753
46	24.547111656533758	25.129154081544662	25.5412885741112	24.782445687810377
47	24.588298931005507	25.09881168434941	25.541967839241934	24.770921545403148
48	24.63963591018426	25.02203881160794	25.439564545489567	24.898760732718237
49	24.632137774093575	25.103572301280757	25.462449933814607	24.801839990811057
50	24.70194221630937	25.06966164832339	25.44077397154385	24.787622163823393
51	24.673507147710342	25.00381154761005	25.389983473445433	24.932697831234172
52	24.690439613649005	25.080140342324192	25.354357384152948	24.875062659873855
53	24.743453490819984	25.034099730604424	25.39249695808158	24.829949820494008
54	24.78833149835664	24.951933430459626	25.298455710738438	24.961279360445292
55	24.796520624830045	25.029537478287583	25.314298518565572	24.859643378316804
56	24.844856069931474	24.99289042785115	25.30984498550202	24.85240851671535
57	24.900008582597795	24.93293509335185	25.21667927594574	24.95037704810461
58	24.889091767363407	25.01190813247386	25.2313215430644	24.867678557098333
59	24.920272026178765	25.00225612056537	25.190768246329764	24.886703606926105
60	24.995186810107466	24.900482252967972	25.13206676924004	24.972264167684525
61	24.982266047074503	24.983200259988422	25.122459288692195	24.91207440424488
62	25.047630583168008	24.944166532709374	25.122063858717574	24.886139025405043
63	25.05800761417756	24.9078738643649	24.98426006706597	25.049858454391572
64	25.0967273495214	24.944576414862404	25.07355836140527	24.885137874210926
65	25.124910162246177	24.936687760222622	25.00270268501087	24.93569939252033
66	25.185988290403166	24.862678449821058	24.953072670844488	24.99826058893129
67	25.174596650289775	24.922591421852687	24.934112472150296	24.96869945570723
68	25.213536915583152	24.893696245795553	24.941873241199055	24.950893597422237
69	25.257373489892093	24.84568839447072	24.85406714650167	25.04287096913552
70	25.28851443065158	24.877838009274132	24.83978344166784	24.99386411840645
71	25.327365218345605	24.870124225082336	24.813373527990173	24.989137028581887
72	25.345452216847292	24.824178296368274	24.74829960872303	25.082069878061404
73	25.33520388595223	24.89349397779011	24.69415009516859	25.077152041089075
74	25.41158762714886	24.853371682300658	24.710688820333655	25.024351870216826
75	25.734755911176478	24.71202077791507	24.52868927869605	25.024534032212408
76	25.3500770594323	24.861765138086625	24.31685170034326	25.471306102137813
>>END_MODULE
>>Per sequence GC content	warn
#GC Content	Count
0	194.0
1	263.0
2	384.5
3	490.0
4	543.0
5	643.5
6	811.0
7	1014.5
8	1151.0
9	1314.5
10	1761.0
11	2391.5
12	2739.0
13	3542.0
14	6413.0
15	13118.5
16	28999.5
17	40243.0
18	62780.5
19	125399.5
20	233353.5
21	301226.0
22	401129.5
23	641291.0
24	960576.5
25	1139604.0
26	1365119.0
27	1855280.5
28	2440854.5
29	2761782.0
30	3144458.5
31	3966267.5
32	4898344.0
33	5391288.0
34	5955121.0
35	7116452.5
36	8323903.5
37	8933856.0
38	9533768.5
39	1.06341395E7
40	1.1542867E7
41	1.2237077E7
42	1.2523018E7
43	1.2674696E7
44	1.28323255E7
45	1.2772588E7
46	1.2706899E7
47	1.26003635E7
48	1.2357771E7
49	1.2070848E7
50	1.1919982E7
51	1.1778679E7
52	1.1496935E7
53	1.1215274E7
54	1.1074054E7
55	1.0900897E7
56	1.0544802E7
57	1.01302965E7
58	9898729.0
59	9615775.5
60	8999351.0
61	8281111.0
62	7896342.0
63	7462065.5
64	6563219.5
65	5632407.5
66	4712897.0
67	4259629.0
68	3832590.0
69	3036312.0
70	2354888.5
71	2042704.0
72	1786533.5
73	1329757.5
74	976159.5
75	823167.0
76	707013.0
77	507529.0
78	362215.5
79	300232.0
80	254981.5
81	177598.5
82	122604.5
83	99743.0
84	83487.5
85	55907.5
86	36719.5
87	28856.0
88	23847.5
89	15291.5
90	9592.0
91	5949.5
92	4459.0
93	3534.0
94	2045.5
95	1144.0
96	806.0
97	607.5
98	285.0
99	97.0
100	33.0
>>END_MODULE
>>Per base N content	pass
#Base	N-Count
1	0.0
2	0.0
3	0.0
4	0.0
5	0.0
6	0.0
7	0.0
8	0.0
9	0.0
10	0.0
11	0.0
12	0.0
13	0.0
14	0.0
15	0.0
16	0.0
17	0.0
18	0.0
19	0.0
20	0.0
21	0.0
22	0.0
23	0.0
24	0.0
25	0.0
26	0.0
27	0.0
28	0.0
29	0.0
30	0.0
31	0.0
32	0.0
33	0.0
34	0.0
35	0.0
36	1.551926030903537E-4
37	1.0210039676996953E-6
38	6.126023806198172E-6
39	0.0
40	0.0
41	6.500391927688061E-5
42	0.0
43	0.009957511362319229
44	0.0
45	0.01924524412182746
46	0.005973553880355018
47	0.018109207040433596
48	8.426686080081487E-4
49	0.004887545993378442
50	0.002800613883400265
51	0.012596806618822941
52	0.010878116606528456
53	0.018419592246614307
54	0.0
55	0.03429075858985017
56	0.041621567077933984
57	0.02424033586647027
58	0.019232992074215062
59	0.005638664578949518
60	0.010752192783845493
61	0.07224828276236585
62	0.02657911562181437
63	0.02734997361742764
64	0.07061944109922894
65	0.07249638672651687
66	0.0368694742776037
67	0.03876275596837484
68	0.03158611907941368
69	0.0371910905274291
70	0.023378948852387626
71	0.03759302575604689
72	0.05210149213705956
73	0.01605086304155101
74	0.024764451236556115
75	0.0831808529138383
76	0.036889213687645896
>>END_MODULE
>>Sequence Length Distribution	pass
#Length	Count
76	2.93828437E8
>>END_MODULE
>>Sequence Duplication Levels	pass
#Total Deduplicated Percentage	80.9575685238857
#Duplication Level	Percentage of deduplicated	Percentage of total
1	90.41267070090981	73.19589983696419
2	5.64222844397957	9.13562191761786
3	1.8494831567885759	4.491889781984507
4	0.8060537072893916	2.6102459296725207
5	0.41447157576782434	1.6777305498213257
6	0.23219484461416487	1.1278758026246545
7	0.1508648045261975	0.8549553425190579
8	0.09586895330341173	0.6209053885099323
9	0.07149658198877769	0.5209370492022074
>10	0.3012438909649877	4.24112682411805
>50	0.019093568608968454	1.0757661178260813
>100	0.004329771258290502	0.4470454591396258
>500	0.0	0.0
>1k	0.0	0.0
>5k	0.0	0.0
>10k+	0.0	0.0
>>END_MODULE
>>Overrepresented sequences	pass
>>END_MODULE
>>Adapter Content	pass
#Position	Illumina Universal Adapter	Illumina Small RNA 3' Adapter	Illumina Small RNA 5' Adapter	Nextera Transposase Sequence	SOLID Small RNA Adapter
1	1.565539417139533E-5	5.105019838498478E-6	0.0	1.361338623599594E-5	1.3613386235995939E-6
2	2.450409522479269E-5	1.361338623599594E-5	0.0	2.450409522479269E-5	3.063011903099086E-6
3	3.573513886948934E-5	2.1781417977593502E-5	0.0	3.539480421358944E-5	3.403346558998985E-6
4	4.288216664338721E-5	3.369313093408995E-5	3.4033465589989847E-7	4.4583839922886704E-5	5.4453544943983756E-6
5	5.139053304088467E-5	4.152082801978761E-5	3.4033465589989847E-7	5.0709863729084876E-5	7.147027773897868E-6
6	5.853756081478254E-5	5.3092206320384164E-5	3.4033465589989847E-7	6.228124202968142E-5	1.2932716924196142E-5
7	7.112994308307878E-5	6.194090737378152E-5	3.4033465589989847E-7	6.976860445947919E-5	1.2932716924196142E-5
8	8.576433328677441E-5	7.112994308307878E-5	6.806693117997969E-7	8.168031741597564E-5	1.3953720891895839E-5
9	9.529370365197158E-5	8.236098672777543E-5	6.806693117997969E-7	9.01886838134731E-5	1.8718406074494417E-5
10	1.0618441264076833E-4	9.359203037247208E-5	6.806693117997969E-7	9.733571158737097E-5	2.1441083321693603E-5
11	1.2149947215626376E-4	1.0210039676996954E-4	6.806693117997969E-7	1.0652474729666823E-4	2.756710712789178E-5
12	1.327305158009604E-4	1.136717750705661E-4	1.0210039676996955E-6	1.1503311369416569E-4	3.131078834279066E-5
13	1.3681453167175919E-4	1.1843646025316467E-4	1.0210039676996955E-6	1.2320114543576326E-4	3.437380024588975E-5
14	1.4055821288665808E-4	1.2354148009166316E-4	1.0210039676996955E-6	1.2966750389786132E-4	3.743681214898883E-5
15	1.4498256341335676E-4	1.317095118332607E-4	1.0210039676996955E-6	1.4225988616615757E-4	3.9138485428488324E-5
16	1.5349092981085423E-4	1.385162049512587E-4	1.0210039676996955E-6	1.5110858721955491E-4	4.1180493363887716E-5
17	1.6165896155245177E-4	1.4702457134875614E-4	1.0210039676996955E-6	1.6233963086425158E-4	4.42435052669868E-5
18	1.7289000519714844E-4	1.5246992584315452E-4	1.0210039676996955E-6	1.7323033985304834E-4	4.6285513202386195E-5
19	1.8173870625054578E-4	1.57574945681653E-4	1.0210039676996955E-6	1.8173870625054578E-4	4.696618251418599E-5
20	1.9331008455114235E-4	1.6778498535864996E-4	1.0210039676996955E-6	1.9228908058344264E-4	4.7987186481885685E-5
21	2.059024668194386E-4	1.7527234778844772E-4	1.3613386235995939E-6	2.0045711232504021E-4	4.866785579368548E-5
22	2.1713351046413523E-4	1.8378071418594517E-4	1.3613386235995939E-6	2.0964614803433747E-4	5.105019838498477E-5
23	2.235998689262333E-4	1.9739410042194112E-4	1.3613386235995939E-6	2.2053685702313423E-4	5.377287563218396E-5
24	2.2938555807653157E-4	2.028394549163395E-4	2.042007935399391E-6	2.3074689670013118E-4	5.717622219118294E-5
25	2.3687292050632934E-4	2.1066715200203717E-4	3.063011903099086E-6	2.4027626706532834E-4	6.0919903406081826E-5
26	2.470829601833263E-4	2.1679317580823533E-4	3.063011903099086E-6	2.491249681187257E-4	6.0919903406081826E-5
27	2.5150731071002497E-4	2.2598221151753258E-4	3.063011903099086E-6	2.5865433848392284E-4	6.398291530918092E-5
28	2.5797366917212303E-4	2.3108723135603106E-4	3.063011903099086E-6	2.6614170091372063E-4	6.60249232445803E-5
29	2.6307868901062154E-4	2.3551158188272976E-4	3.7436812148988833E-6	2.7737274455841727E-4	6.73862618681799E-5
30	2.7465006731121805E-4	2.4299894431252753E-4	4.084015870798782E-6	2.909861307944132E-4	7.181061239487857E-5
31	2.8520044164411494E-4	2.518476453659249E-4	4.084015870798782E-6	3.008558358155103E-4	7.589462826567736E-5
32	2.937088080416124E-4	2.634190236665214E-4	4.084015870798782E-6	3.0459951703040917E-4	7.895764016877645E-5
33	3.0187683978320995E-4	2.7465006731121805E-4	4.764685182598579E-6	3.0936420221300775E-4	8.372232535137503E-5
34	3.0936420221300775E-4	2.824777643969157E-4	4.764685182598579E-6	3.15149891363306E-4	8.644500259857422E-5
35	3.2025491120180445E-4	2.899651268267135E-4	5.105019838498478E-6	3.236582577608035E-4	8.88273451898735E-5
36	3.2604060035210276E-4	3.0323817840680956E-4	5.4453544943983756E-6	3.342086320937003E-4	9.01886838134731E-5
37	3.3318762812600063E-4	3.137885527397064E-4	5.785689150298274E-6	3.393136519321988E-4	9.12096877811728E-5
38	3.389733172762989E-4	3.1787256861050517E-4	6.466358462098071E-6	3.4952369160919577E-4	9.325169571657218E-5
39	3.4850268764149604E-4	3.2774227363160225E-4	6.466358462098071E-6	3.604144005979925E-4	9.597437296377137E-5
40	3.583723926625931E-4	3.372716439967994E-4	6.80669311799797E-6	3.7266644821038885E-4	9.903738486687046E-5
41	3.6960343630728975E-4	3.525867035122948E-4	7.487362429797767E-6	3.784521373606871E-4	1.0107939280226985E-4
42	3.842378265109854E-4	3.610950699097923E-4	7.487362429797767E-6	3.859394997904849E-4	1.0516340867306863E-4
43	3.9921255137058095E-4	3.6960343630728975E-4	7.487362429797767E-6	3.9614953946748185E-4	1.0618441264076833E-4
44	4.1656961882147577E-4	3.7947314132838684E-4	7.487362429797767E-6	4.005738899941805E-4	1.0652474729666823E-4
45	4.3290568230467085E-4	3.8627983444638477E-4	7.487362429797767E-6	4.0704024845627856E-4	1.0754575126436792E-4
46	4.4651906854066683E-4	3.9717054343518153E-4	7.827697085697665E-6	4.1452761088607635E-4	1.0890708988796752E-4
47	4.679601518623604E-4	4.036369018972796E-4	8.168031741597564E-6	4.2303597728357383E-4	1.112894324792668E-4
48	4.883802312163543E-4	4.0772091776807836E-4	8.84870105339736E-6	4.29162001089772E-4	1.1469277903826579E-4
49	5.190103502473452E-4	4.1520828019787616E-4	8.84870105339736E-6	4.400527100785687E-4	1.1707512162956508E-4
50	5.435144454721378E-4	4.2439731590717344E-4	9.529370365197158E-6	4.471997378524666E-4	1.1809612559726477E-4
51	5.639345248261318E-4	4.3903170611086904E-4	9.869705021097056E-6	4.5706944287356367E-4	1.2013813353266417E-4
52	6.00009998351521E-4	4.478804071642664E-4	9.869705021097056E-6	4.676198172064605E-4	1.2115913750036386E-4
53	6.496988581129062E-4	4.56048438905864E-4	1.123104364469665E-5	4.740861756685586E-4	1.2422214940346294E-4
54	7.000683871860912E-4	4.676198172064605E-4	1.1571378300596549E-5	4.856575539691551E-4	1.2796583061836184E-4
55	7.596269519685734E-4	4.781701915393574E-4	1.1571378300596549E-5	4.917835777753534E-4	1.2932716924196142E-4
56	8.460719545671477E-4	4.8531721931325525E-4	1.1571378300596549E-5	4.975692669256516E-4	1.3034817320966112E-4
57	9.389833156278199E-4	4.985902708933513E-4	1.1571378300596549E-5	5.023339521082502E-4	1.323901811450605E-4
58	0.0010635457996871827	5.118633224734473E-4	1.1571378300596549E-5	5.101616491939478E-4	1.337515197686601E-4
59	0.001243582832658229	5.19691019559145E-4	1.1911712956496448E-5	5.118633224734473E-4	1.354531930481596E-4
60	0.0014838590997235575	5.261573780212431E-4	1.1911712956496448E-5	5.203716888709448E-4	1.371548663276591E-4
61	0.0018412104884184509	5.333044057951409E-4	1.1911712956496448E-5	5.268380473330428E-4	1.4021787823075818E-4
62	0.0023649855238483944	5.46577457375237E-4	1.2592382268296243E-5	5.343254097628406E-4	1.4294055547795737E-4
63	0.003114742770795871	5.578085010199336E-4	1.2592382268296243E-5	5.407917682249387E-4	1.4464222875745685E-4
64	0.00412281402157137	5.618925168907324E-4	1.2932716924196142E-5	5.506614732460357E-4	1.4668423669285624E-4
65	0.005513421425578356	5.686992100087303E-4	1.361338623599594E-5	5.612118475789326E-4	1.4906657928415553E-4
>>END_MODULE
