##FastQC	0.11.8
>>Basic Statistics	pass
#Measure	Value
Filename	HG00253.mapped.ILLUMINA.bwa.GBR.exome.20121211.bam
File type	Conventional base calls
Encoding	Sanger / Illumina 1.9
Total Sequences	91620855
Sequences flagged as poor quality	0
Sequence length	90
%GC	45
>>END_MODULE
>>Per base sequence quality	pass
#Base	Mean	Median	Lower Quartile	Upper Quartile	10th Percentile	90th Percentile
1	24.942295692394488	25.0	25.0	26.0	24.0	26.0
2	30.23740291443471	30.0	28.0	34.0	27.0	36.0
3	31.072431489533688	31.0	29.0	35.0	27.0	36.0
4	31.57913961837619	31.0	29.0	35.0	28.0	37.0
5	32.26246015713344	32.0	30.0	36.0	28.0	37.0
6	32.71026625979424	32.0	31.0	36.0	29.0	38.0
7	32.250454593552966	32.0	30.0	36.0	29.0	37.0
8	32.41285403852649	33.0	30.0	36.0	29.0	38.0
9	32.3329283818624	32.0	30.0	36.0	29.0	37.0
10	32.429100743493386	33.0	30.0	36.0	29.0	37.0
11	32.512803291346714	33.0	30.0	36.0	29.0	37.0
12	32.509924252507794	33.0	30.0	36.0	29.0	38.0
13	32.69194982954481	33.0	31.0	36.0	29.0	38.0
14	32.63566013436569	32.0	30.0	36.0	29.0	38.0
15	32.65624982434403	32.0	31.0	36.0	28.0	38.0
16	32.71286242635479	33.0	31.0	36.0	29.0	38.0
17	32.647178647263225	33.0	31.0	36.0	29.0	38.0
18	32.69537712783842	33.0	31.0	36.0	29.0	38.0
19	32.609757712913726	33.0	31.0	36.0	28.0	38.0
20	32.66933722677004	33.0	31.0	36.0	29.0	38.0
21	32.07474316846312	32.0	30.0	36.0	27.0	38.0
22	32.39329535835482	33.0	30.0	36.0	28.0	38.0
23	32.56317854706769	33.0	31.0	36.0	28.0	38.0
24	32.42116452635156	33.0	30.0	36.0	28.0	38.0
25	32.342830254094444	33.0	30.0	36.0	28.0	38.0
26	32.443418258866934	33.0	31.0	36.0	28.0	38.0
27	32.24162761851546	33.0	30.0	36.0	28.0	38.0
28	32.349104622522894	33.0	31.0	36.0	28.0	38.0
29	32.32690999227196	33.0	31.0	36.0	28.0	38.0
30	32.04917429552475	33.0	30.0	36.0	27.0	38.0
31	32.228797832109294	33.0	31.0	36.0	28.0	38.0
32	32.19143841213881	33.0	31.0	36.0	28.0	38.0
33	32.098409483299406	33.0	30.0	36.0	28.0	38.0
34	32.08839762519134	33.0	30.0	36.0	28.0	38.0
35	32.15227154341662	33.0	31.0	36.0	28.0	38.0
36	32.143972144769876	33.0	31.0	36.0	28.0	38.0
37	32.055507340550356	33.0	30.0	36.0	28.0	38.0
38	32.05751552962478	33.0	30.0	36.0	28.0	38.0
39	31.91788807253545	33.0	30.0	36.0	28.0	38.0
40	31.898650421893574	33.0	30.0	36.0	28.0	38.0
41	31.965036934003727	33.0	30.0	36.0	28.0	38.0
42	31.823648425896046	33.0	30.0	36.0	27.0	38.0
43	31.269272590830983	32.0	30.0	35.0	26.0	38.0
44	31.7291821823754	33.0	30.0	36.0	27.0	38.0
45	31.443021416903388	32.0	30.0	35.0	26.0	38.0
46	31.25530763710948	32.0	30.0	35.0	26.0	38.0
47	31.466859286567452	32.0	30.0	36.0	27.0	38.0
48	31.40675923620228	32.0	30.0	36.0	26.0	38.0
49	31.284942331088267	32.0	30.0	35.0	26.0	38.0
50	31.25727566065608	32.0	30.0	36.0	26.0	38.0
51	31.101882120615443	32.0	30.0	35.0	26.0	37.0
52	30.917204974784397	32.0	30.0	35.0	25.0	38.0
53	31.11996821029448	32.0	30.0	35.0	26.0	38.0
54	31.044367758847045	32.0	30.0	35.0	26.0	38.0
55	31.017624011476425	32.0	30.0	35.0	26.0	38.0
56	30.851691669980596	32.0	30.0	35.0	25.0	38.0
57	30.915911011745088	32.0	30.0	36.0	25.0	38.0
58	30.761574687335106	32.0	30.0	36.0	25.0	38.0
59	30.406724789896362	32.0	29.0	35.0	24.0	37.0
60	30.603722645897594	32.0	30.0	35.0	24.0	38.0
61	30.65234056154573	32.0	30.0	36.0	24.0	38.0
62	30.399155639837677	32.0	30.0	35.0	23.0	38.0
63	30.250926996915712	32.0	30.0	35.0	22.0	38.0
64	29.952442159593467	32.0	29.0	35.0	21.0	37.0
65	30.004984487429198	32.0	29.0	35.0	21.0	38.0
66	30.043562581903434	32.0	30.0	35.0	20.0	38.0
67	29.627214120627887	32.0	29.0	35.0	18.0	37.0
68	29.637117804674492	32.0	29.0	35.0	17.0	38.0
69	29.546011734991996	32.0	29.0	35.0	16.0	37.0
70	29.46701271233498	32.0	29.0	35.0	14.0	37.0
71	29.40449677095897	32.0	29.0	35.0	10.0	38.0
72	29.07976262609643	32.0	29.0	35.0	8.0	37.0
73	28.595851031951184	32.0	28.0	35.0	5.0	37.0
74	28.697845343180873	32.0	28.0	35.0	2.0	37.0
75	28.548268295466137	32.0	28.0	35.0	2.0	37.0
76	28.711728492383095	32.0	29.0	35.0	2.0	37.0
77	28.346117060357056	32.0	28.0	35.0	2.0	37.0
78	28.266090378658877	32.0	28.0	35.0	2.0	37.0
79	28.200173312069616	32.0	28.0	34.0	2.0	37.0
80	27.84628544450933	31.0	28.0	34.0	2.0	37.0
81	28.049266425204173	32.0	28.0	35.0	2.0	37.0
82	27.770826161794712	32.0	28.0	34.0	2.0	37.0
83	27.479018974446376	31.0	27.0	34.0	2.0	37.0
84	27.07114900859635	31.0	27.0	34.0	2.0	37.0
85	26.905402192546664	31.0	27.0	34.0	2.0	37.0
86	26.555240627256754	31.0	26.0	34.0	2.0	37.0
87	26.097311556413658	31.0	25.0	34.0	2.0	37.0
88	25.599606803494684	30.0	25.0	33.0	2.0	36.0
89	25.159075889435872	30.0	24.0	33.0	2.0	36.0
90	24.651159978806135	30.0	23.0	33.0	2.0	36.0
>>END_MODULE
>>Per sequence quality scores	pass
#Quality	Count
2	512029.0
3	60598.0
4	75856.0
5	75339.0
6	103822.0
7	125083.0
8	171990.0
9	216490.0
10	240644.0
11	275079.0
12	300825.0
13	341997.0
14	364276.0
15	415278.0
16	447323.0
17	513006.0
18	574059.0
19	649910.0
20	732854.0
21	814471.0
22	916276.0
23	1011600.0
24	1158583.0
25	1325074.0
26	1584183.0
27	1954667.0
28	2514377.0
29	3411355.0
30	4924017.0
31	7993289.0
32	1.7686191E7
33	3.4139489E7
34	5987455.0
35	3370.0
>>END_MODULE
>>Per base sequence content	pass
#Base	G	A	T	C
1	21.018221233582683	32.34668133145014	25.819034323571856	20.816063111395327
2	22.522182313186228	30.288201305259594	26.7239527507138	20.465663630840382
3	22.414021349178633	27.961240920530596	28.051969172302528	21.572768557988244
4	22.02358185808242	27.56501235444703	28.16994012989728	22.24146565757327
5	22.22251254913524	28.303260212972255	27.788250830010263	21.685976407882247
6	22.647996463250646	27.922411333096598	26.482189016900136	22.947403186752624
7	22.370899070959336	27.81826037314321	27.7277700584654	22.083070497432054
8	21.531164493062196	28.129121912254583	27.833738290261532	22.505975304421685
9	21.724132567852593	27.628281792393228	28.082282139803215	22.565303499950968
10	21.95688416136261	27.99971141941428	27.732064932159822	22.31133948706329
11	21.703199560842343	27.975457116177317	27.880688299623486	22.440655023356854
12	21.752079261866744	27.76719448863471	27.940525112977827	22.540201136520718
13	21.678394073052473	27.843144445661416	28.049521039723977	22.42894044156213
14	21.692281740876574	27.84481109677486	28.183224223349583	22.279682938998988
15	21.77483390653798	27.79221717588206	27.94804305198855	22.484905865591408
16	21.842411315633324	27.721686290746796	27.875140436093943	22.560761957525937
17	21.85802129875343	27.804444741320083	27.921537077993868	22.415996881932614
18	21.95527644879542	27.504671289085874	27.820267558079436	22.719784704039274
19	22.080669297399595	27.571129957257	27.81334773616771	22.534853009175695
20	21.986492049217397	27.65620556586161	27.80687759353479	22.5504247913862
21	22.110672291805177	27.412556890022472	27.662405027763604	22.814365790408743
22	22.22611216627481	27.494240257853956	27.659192876992904	22.62045469887833
23	22.10863672905039	27.46559612437583	27.673552053187016	22.752215093386763
24	22.1780390501704	27.339987167768736	27.72085678528104	22.761116996779826
25	22.21865316581034	27.425321451104118	27.570993525436975	22.785031857648566
26	22.243122485595666	27.407136726676473	27.69074791978311	22.65899286794475
27	22.317219152779135	27.30079521742075	27.58778337093667	22.794202258863443
28	22.32271680939891	27.38904368443189	27.444669666092942	22.84356984007626
29	22.329857105131794	27.37007966144826	27.485354726279294	22.81470850714065
30	22.5218210417268	27.244638788843435	27.44205454096668	22.791485628463082
31	22.41592375447708	27.455298250600258	27.4028844197099	22.725893575212762
32	22.40271824575311	27.306515530770803	27.557019632702616	22.733746590773464
33	22.44584379833609	27.217882871754473	27.391945862107487	22.944327467801955
34	22.4418523490094	27.310751465918976	27.46813375622832	22.779262428843303
35	22.474368963267153	27.328196184154795	27.40084012531863	22.79659472725942
36	22.583041819463485	27.17600594318837	27.35027412699871	22.890678110349437
37	22.513594748706502	27.310848605374836	27.33472308242485	22.840833563493813
38	22.519801850790415	27.205706604680778	27.422810014161076	22.85168153036773
39	22.59488737580543	27.112143845415982	27.30257428835389	22.990394490424695
40	22.66222684780665	27.18699143333688	27.291152216381303	22.859629502475173
41	22.646596127049897	27.208009573802823	27.29180818057199	22.853586118575294
42	22.634709873030232	27.160618167409172	27.234520300224403	22.970151659336196
43	22.663772347463905	27.202490088091842	27.23719288583369	22.896544678610564
44	22.705335221856444	27.116357561641486	27.284313962721196	22.893993253780877
45	22.71027049463793	27.086170501246688	27.199992840058083	23.003566164057297
46	22.759346657483167	27.104724137315678	27.1842944491186	22.951634756082555
47	22.699397424309126	27.07726532348994	27.22623468204919	22.997102570151743
48	22.804179244998313	26.97951574453218	27.181045188892856	23.03525982157665
49	22.74020581886078	27.060697043265968	27.206722748876334	22.992374388996918
50	22.74985427717303	27.043757668491526	27.18115542580344	23.02523262853201
51	22.833579756486664	26.95383491018502	27.14586760841732	23.066717724910994
52	22.800685498951083	26.997892564962424	27.188374306264663	23.013047629821834
53	22.814472752955645	26.990394272133784	27.18821495389887	23.006918021011703
54	22.805394033923825	26.918752286256225	27.170283446929194	23.105570232890756
55	22.838534960190014	27.037303897677006	27.082755339927793	23.041405802205187
56	22.897674334080378	26.952435665438834	27.100034157070464	23.049855843410324
57	22.933415105108985	26.876365648410506	27.063991053128678	23.12622819335183
58	22.91987332200212	26.943697821122107	27.05009960309601	23.086329253779763
59	22.87088785626373	26.986208543895383	27.061585487277977	23.08131811256291
60	22.89156855317	26.906877427142756	27.013497266620988	23.188056753066252
61	22.916662823775496	26.965650839816252	26.994663258334178	23.123023078074077
62	22.96058636164432	26.88288237072247	27.030784650011068	23.125746617622138
63	22.95878986335188	26.860538795551538	26.98236636141121	23.198304979685382
64	23.013889988621507	26.86580090039012	26.960272025493975	23.1600370854944
65	22.967607102116652	26.840587767926856	27.033655165082234	23.158149964874262
66	23.033877019609356	26.77691900348373	26.939040814691634	23.250163162215284
67	22.994360264061932	26.816112314434697	26.95759332061562	23.231934100887745
68	22.97914203014584	26.84589267023104	26.94458301213057	23.23038228749255
69	23.033131662018118	26.72953332008014	26.918758029981394	23.318576987920352
70	23.073575726886457	26.791324582511738	26.8783556834639	23.256744007137907
71	23.06768261314781	26.78391437159936	26.88076830189524	23.267634713357584
72	23.080262676003187	26.73033121116366	26.830784323067057	23.358621789766097
73	23.14668860053751	26.76850374295241	26.776990893612595	23.307816762897488
74	23.130372446316944	26.73200441100446	26.794704109670224	23.342919033008368
75	23.229680622386685	26.66123777168419	26.7340770832143	23.375004522714836
76	23.044344727682244	26.734749758004146	26.76572701801861	23.455178496295005
77	23.181618420827878	26.729274683149377	26.74672267574888	23.342384220273868
78	23.19081392549764	26.665927751929402	26.707753382131177	23.43550494044178
79	23.199979829899913	26.70857201421534	26.68305487298649	23.40839328289826
80	23.201852896919593	26.68318910579911	26.69246974392457	23.422488253356725
81	23.233351541422813	26.645709845844568	26.6231581117879	23.497780500944717
82	23.225355187964574	26.685093694006675	26.607014309133003	23.48253680889575
83	23.22826282291297	26.661972320603205	26.623060874077197	23.486703982406627
84	23.276709216476966	26.560038104861604	26.560042470679846	23.60321020798158
85	23.281131790354937	26.65054588281238	26.52503843147938	23.5432838953533
86	23.277569282670413	26.612437746842684	26.527901316790814	23.582091653696093
87	23.30250943633345	26.530852169963214	26.483630390821126	23.683008002882204
88	23.31843140812617	26.56199097270725	26.44187854062522	23.67769907854136
89	23.33408057032568	26.53807357311363	26.428633935255892	23.6992119213048
90	23.352983159410158	26.442272070137363	26.37202897178137	23.832715798671114
>>END_MODULE
>>Per sequence GC content	pass
#GC Content	Count
0	224.0
1	313.0
2	509.0
3	761.0
4	1027.5
5	1280.5
6	1596.0
7	1987.0
8	2476.5
9	3232.0
10	3705.0
11	4454.0
12	6255.5
13	8965.5
14	13655.0
15	22398.5
16	37441.0
17	62678.0
18	102122.5
19	156968.0
20	188275.0
21	230690.0
22	330376.5
23	456768.0
24	606765.5
25	780439.0
26	972406.5
27	1177400.5
28	1390745.5
29	1608044.0
30	1717820.0
31	1825039.0
32	2037409.5
33	2242509.5
34	2434279.5
35	2610002.0
36	2770243.5
37	2913162.0
38	3030168.5
39	3118527.0
40	3156457.0
41	3179284.0
42	3211704.5
43	3217496.0
44	3205484.5
45	3179625.5
46	3133659.5
47	3074440.0
48	3010537.0
49	2939085.5
50	2900634.0
51	2858542.0
52	2772505.0
53	2680290.5
54	2583481.5
55	2484974.0
56	2373740.0
57	2245378.0
58	2099607.0
59	1932963.5
60	1844995.0
61	1750632.0
62	1557939.0
63	1359164.5
64	1164853.0
65	980927.0
66	811262.5
67	659446.0
68	523860.5
69	408827.0
70	357168.0
71	315520.0
72	240378.0
73	181040.0
74	136009.0
75	101658.0
76	75658.0
77	56148.0
78	41602.5
79	30993.0
80	26255.0
81	22730.5
82	16478.0
83	11801.5
84	8404.0
85	5838.0
86	4013.5
87	2809.5
88	1993.0
89	1390.5
90	1108.0
91	982.5
92	744.0
93	547.5
94	419.0
95	299.0
96	200.5
97	140.5
98	82.5
99	43.5
100	26.0
>>END_MODULE
>>Per base N content	pass
#Base	N-Count
1	0.0
2	0.0
3	0.0
4	0.0
5	0.0
6	0.0
7	0.0
8	0.0
9	0.0
10	0.0
11	0.0
12	0.0
13	0.0
14	0.0
15	0.0
16	0.0
17	0.0
18	0.0
19	0.0
20	0.0
21	0.0
22	0.0
23	0.0
24	0.0
25	0.0
26	0.0
27	0.0
28	0.0
29	0.0
30	0.0
31	0.0
32	0.0
33	0.0
34	0.0
35	0.0
36	0.0
37	0.0
38	0.0
39	0.0
40	0.0
41	0.0
42	0.007038790458788012
43	0.0
44	5.8938546251287446E-5
45	0.0
46	0.0
47	0.0
48	0.0
49	0.0
50	0.0
51	0.0
52	0.0
53	0.0
54	0.0
55	0.0
56	0.0
57	0.0
58	2.281140030836866E-4
59	0.0
60	8.731636481672214E-6
61	0.0016022552943868512
62	0.012052932708388281
63	0.0030975480418732174
64	0.008379096658724697
65	0.0
66	0.023825361594802842
67	8.295054657588603E-5
68	0.0032459858620616454
69	1.7135836595281718E-4
70	8.011276471934256E-4
71	4.49679278806119E-4
72	0.0
73	0.0
74	0.0
75	0.0
76	0.016315062766004532
77	0.0
78	0.0
79	9.82309104188124E-5
80	0.0
81	4.4313055144486484E-4
82	0.0
83	0.0
84	0.0
85	0.0
86	0.0
87	0.0023062434857216733
88	3.383509136647982E-5
89	0.008508979751389572
90	0.03780034578371922
>>END_MODULE
>>Sequence Length Distribution	pass
#Length	Count
90	9.1620855E7
>>END_MODULE
>>Sequence Duplication Levels	pass
#Total Deduplicated Percentage	89.84238702920426
#Duplication Level	Percentage of deduplicated	Percentage of total
1	92.4026912382988	83.01678348771301
2	5.907989224772413	10.615757089927431
3	1.032173095322588	2.781986841333111
4	0.2869040649906618	1.0310458418857205
5	0.12732455786037292	0.5719571102806968
6	0.07512123670724562	0.40494427334188954
7	0.04577232251188601	0.28786063000368955
8	0.03574830758646314	0.25693706286576484
9	0.023847923997727373	0.1928298975882184
>10	0.062259626014398634	0.743900254874822
>50	5.766884764283394E-5	0.0031202144846347937
>100	9.533232671309636E-5	0.016056224444098287
>500	5.509140569523461E-6	0.002873556473549567
>1k	6.9552886877693595E-6	0.009425539579079432
>5k	1.468166922890417E-6	0.006874816721818605
>10k+	1.468166922890417E-6	0.05764715848241756
>>END_MODULE
>>Overrepresented sequences	pass
>>END_MODULE
>>Adapter Content	pass
#Position	Illumina Universal Adapter	Illumina Small RNA 3' Adapter	Illumina Small RNA 5' Adapter	Nextera Transposase Sequence	SOLID Small RNA Adapter
1	0.08255325711596993	1.0914545602090267E-6	0.0	9.82309104188124E-6	1.0914545602090267E-6
2	0.08284467548354575	6.54872736125416E-6	0.0	3.056072768585275E-5	1.0914545602090267E-6
3	0.08289160802963473	7.640181921463187E-6	0.0	4.1475273287943015E-5	3.27436368062708E-6
4	0.08290797984803787	7.640181921463187E-6	0.0	5.129836432982425E-5	5.4572728010451335E-6
5	0.0829843816672525	7.640181921463187E-6	0.0	6.0030000811496466E-5	7.640181921463187E-6
6	0.08304986894086505	9.82309104188124E-6	0.0	7.531036465442284E-5	8.731636481672214E-6
7	0.08319066657913202	1.63718184031354E-5	0.0	8.949927393714019E-5	9.82309104188124E-6
8	0.08331727530811626	1.63718184031354E-5	0.0	1.0041381953923045E-4	1.2006000162299293E-5
9	0.0836010534937706	1.63718184031354E-5	0.0	1.0914545602090267E-4	1.309745472250832E-5
10	0.08390556931606892	1.8554727523553454E-5	0.0	1.2006000162299293E-4	1.309745472250832E-5
11	0.08429740150318396	1.8554727523553454E-5	0.0	1.266087289842471E-4	1.63718184031354E-5
12	0.08463466096228855	1.8554727523553454E-5	0.0	1.3970618370675542E-4	1.7463272963344428E-5
13	0.08504504787692714	2.0737636643971507E-5	1.0914545602090267E-6	1.473463656282186E-4	1.8554727523553454E-5
14	0.0854739895190893	2.0737636643971507E-5	1.0914545602090267E-6	1.6153527491093595E-4	1.964618208376248E-5
15	0.08600989370815193	2.4012000324598587E-5	2.1829091204180535E-6	1.680840022721901E-4	2.1829091204180534E-5
16	0.08650650553304703	2.619490944501664E-5	3.27436368062708E-6	1.7899854787428038E-4	2.292054576438956E-5
17	0.08708497644995782	2.8377818565434693E-5	3.27436368062708E-6	1.9100454803657968E-4	2.4012000324598587E-5
18	0.08759031991133459	3.056072768585275E-5	3.27436368062708E-6	2.008276390784609E-4	2.7286364005225666E-5
19	0.08806946846326635	3.27436368062708E-5	3.27436368062708E-6	2.1610800292138727E-4	2.8377818565434693E-5
20	0.08880620029140746	3.4926545926688856E-5	3.27436368062708E-6	2.2374818484285046E-4	2.946927312564372E-5
21	0.08927443429773713	3.710945504710691E-5	3.27436368062708E-6	2.3684563956535878E-4	3.056072768585275E-5
22	0.08979833248663746	4.1475273287943015E-5	3.27436368062708E-6	2.4776018516744905E-4	3.056072768585275E-5
23	0.09029712722065299	4.4749636968570094E-5	3.27436368062708E-6	2.586747307695393E-4	3.056072768585275E-5
24	0.09075444668138057	5.020690976961523E-5	3.27436368062708E-6	2.6849782181142054E-4	3.27436368062708E-5
25	0.09110371214064746	5.457272801045133E-5	3.27436368062708E-6	2.750465491726747E-4	3.383509136647983E-5
26	0.09136784414421804	5.784709169107841E-5	3.27436368062708E-6	2.8814400389518306E-4	3.710945504710691E-5
27	0.09172147542172576	6.0030000811496466E-5	3.27436368062708E-6	2.990585494972733E-4	3.8200909607315935E-5
28	0.09202708269858428	6.221290993191452E-5	4.365818240836107E-6	3.121560042197816E-4	3.929236416752496E-5
29	0.0924036345218564	6.657872817275062E-5	4.365818240836107E-6	3.241620043820809E-4	4.365818240836107E-5
30	0.09279655816353165	6.657872817275062E-5	4.365818240836107E-6	3.3398509542396216E-4	4.4749636968570094E-5
31	0.09340995562636913	7.094454641358673E-5	4.365818240836107E-6	3.3835091366479824E-4	4.693254608898815E-5
32	0.09478846273591313	7.203600097379576E-5	4.365818240836107E-6	3.481740047066795E-4	4.8024000649197174E-5
33	0.09660900894234178	7.749327377484089E-5	4.365818240836107E-6	3.590885503087698E-4	5.020690976961523E-5
34	0.10798523982340047	8.076763745546798E-5	4.365818240836107E-6	3.68911641350651E-4	5.129836432982425E-5
35	0.16454550658799244	8.1859092015677E-5	4.365818240836107E-6	3.7982618695274126E-4	5.129836432982425E-5
36	0.16509014241353676	8.731636481672214E-5	4.365818240836107E-6	3.8746636887420445E-4	5.238981889003328E-5
37	0.16532371368942148	9.168218305755824E-5	4.365818240836107E-6	3.983809144762947E-4	5.457272801045133E-5
38	0.1655223584193795	9.713945585860337E-5	4.365818240836107E-6	4.08204005518176E-4	5.784709169107841E-5
39	0.1657155458765365	1.0150527409943947E-4	4.365818240836107E-6	4.213014602406843E-4	6.0030000811496466E-5
40	0.1659196478792956	1.025967286596485E-4	4.365818240836107E-6	4.333074604029836E-4	6.0030000811496466E-5
41	0.1661237498820547	1.0477963778006656E-4	4.365818240836107E-6	4.4313055144486484E-4	6.0030000811496466E-5
42	0.1663049313390494	1.1460272882194779E-4	4.365818240836107E-6	4.551365516071641E-4	6.11214553717055E-5
43	0.1665264966147718	1.1787709250257488E-4	4.365818240836107E-6	4.638681880888363E-4	6.439581905233257E-5
44	0.16691723734732666	1.2442581986382904E-4	4.365818240836107E-6	4.715083700102995E-4	6.54872736125416E-5
45	0.1672031984421014	1.2879163810466514E-4	4.365818240836107E-6	4.780570973715537E-4	6.657872817275062E-5
46	0.16764305462986565	1.3206600178529223E-4	4.365818240836107E-6	4.8242291561238976E-4	6.876163729316868E-5
47	0.16791591826991792	1.3643182002612834E-4	4.365818240836107E-6	4.91154552094062E-4	6.876163729316868E-5
48	0.1681440322730016	1.3861472914654638E-4	4.365818240836107E-6	5.020690976961522E-4	7.094454641358673E-5
49	0.16841143864025282	1.4298054738738248E-4	4.365818240836107E-6	5.129836432982425E-4	7.203600097379576E-5
50	0.16866574755278152	1.4516345650780055E-4	4.365818240836107E-6	5.238981889003328E-4	7.531036465442284E-5
51	0.16893424537459292	1.4843782018842763E-4	4.365818240836107E-6	5.337212799422141E-4	7.640181921463187E-5
52	0.16915799355943578	1.5062072930884567E-4	4.365818240836107E-6	5.435443709840953E-4	7.749327377484089E-5
53	0.1693533639257132	1.5826091123030887E-4	4.365818240836107E-6	5.522760074657675E-4	7.967618289525894E-5
54	0.16958475229247752	1.64809638591563E-4	4.365818240836107E-6	5.620990985076487E-4	8.295054657588603E-5
55	0.16982923811396433	1.6699254771198108E-4	4.365818240836107E-6	5.73013644109739E-4	8.62249102565131E-5
56	0.1700540777533674	1.724498205130262E-4	4.365818240836107E-6	5.806538260312022E-4	8.62249102565131E-5
57	0.17030074648397464	1.7790709331407133E-4	4.365818240836107E-6	5.850196442720383E-4	8.949927393714019E-5
58	0.17051794594145622	1.8227291155490746E-4	4.365818240836107E-6	5.904769170730834E-4	9.168218305755824E-5
59	0.17073841976261844	1.8554727523553452E-4	4.365818240836107E-6	5.959341898741286E-4	9.277363761776726E-5
60	0.1709730824930634	1.9318745715699771E-4	4.365818240836107E-6	5.981170989945466E-4	9.713945585860337E-5
61	0.17122302558735125	1.9427891171720673E-4	4.365818240836107E-6	6.024829172353827E-4	1.0041381953923045E-4
62	0.1714434994085135	1.9864472995804284E-4	4.365818240836107E-6	6.13397462837473E-4	1.025967286596485E-4
63	0.17173055195784845	1.997361845182519E-4	4.365818240836107E-6	6.243120084395632E-4	1.0477963778006656E-4
64	0.17200014123422008	2.05193457319297E-4	4.365818240836107E-6	6.275863721201903E-4	1.0477963778006656E-4
65	0.1722915596017959	2.1501654836117825E-4	4.365818240836107E-6	6.341350994814444E-4	1.0477963778006656E-4
66	0.17256114887816754	2.2156527572243242E-4	4.365818240836107E-6	6.450496450835347E-4	1.0805400146069363E-4
67	0.17282637233629833	2.2811400308368656E-4	4.365818240836107E-6	6.515983724447889E-4	1.1132836514132072E-4
68	0.17308832143074848	2.335712758847317E-4	4.365818240836107E-6	6.55964190685625E-4	1.1351127426173877E-4
69	0.17346159889034	2.379370941255678E-4	4.365818240836107E-6	6.679701908479243E-4	1.1787709250257488E-4
70	0.1737300967121514	2.4339436692661295E-4	4.365818240836107E-6	6.745189182091784E-4	1.2115145618320196E-4
71	0.17403570398900992	2.510345488480761E-4	4.365818240836107E-6	6.854334638112687E-4	1.2442581986382904E-4
72	0.17433148817482658	2.619490944501664E-4	4.365818240836107E-6	6.985309185337771E-4	1.2879163810466514E-4
73	0.17461744926960135	2.6413200357058446E-4	4.365818240836107E-6	7.018052822144041E-4	1.309745472250832E-4
74	0.17488376418229234	2.7722945829309275E-4	4.365818240836107E-6	7.116283732562853E-4	1.3424891090571027E-4
75	0.1751926458228315	2.837781856543469E-4	4.365818240836107E-6	7.236343734185847E-4	1.3643182002612834E-4
76	0.17547860691760625	2.914183675758101E-4	4.365818240836107E-6	7.290916462196299E-4	1.3861472914654638E-4
77	0.1757361901938156	2.979670949370643E-4	4.365818240836107E-6	7.487378283033923E-4	1.3861472914654638E-4
78	0.1760287000159516	3.056072768585275E-4	4.365818240836107E-6	7.585609193452735E-4	1.3970618370675542E-4
79	0.1763419474747316	3.143389133401997E-4	5.4572728010451335E-6	7.662011012667367E-4	1.4188909282717346E-4
>>END_MODULE
