##FastQC	0.11.8
>>Basic Statistics	pass
#Measure	Value
Filename	HG00099.mapped.ILLUMINA.bwa.GBR.exome.20130415.bam
File type	Conventional base calls
Encoding	Sanger / Illumina 1.9
Total Sequences	79760961
Sequences flagged as poor quality	0
Sequence length	101
%GC	47
>>END_MODULE
>>Per base sequence quality	fail
#Base	Mean	Median	Lower Quartile	Upper Quartile	10th Percentile	90th Percentile
1	17.854197982895418	18.0	18.0	18.0	18.0	18.0
2	38.00585232417147	40.0	36.0	42.0	30.0	43.0
3	38.28690954463299	40.0	37.0	42.0	29.0	44.0
4	35.147942048993116	36.0	33.0	39.0	29.0	40.0
5	35.59007607744345	37.0	34.0	40.0	29.0	41.0
6	32.98358824939434	35.0	30.0	37.0	25.0	40.0
7	35.376381260000116	37.0	34.0	39.0	29.0	40.0
8	34.8389341121404	37.0	33.0	40.0	27.0	41.0
9	34.0422102737704	36.0	32.0	39.0	26.0	40.0
10	35.17605606582398	37.0	33.0	40.0	28.0	41.0
11	34.90695093305107	37.0	33.0	40.0	27.0	41.0
12	36.06826912479151	37.0	34.0	40.0	30.0	42.0
13	35.421548268456796	37.0	33.0	40.0	27.0	42.0
14	35.62825913042848	37.0	34.0	40.0	28.0	43.0
15	37.159403984613476	38.0	36.0	41.0	31.0	43.0
16	35.76813105348618	37.0	34.0	40.0	28.0	43.0
17	37.571722888343835	38.0	36.0	41.0	32.0	43.0
18	36.66049716978711	38.0	35.0	41.0	30.0	43.0
19	36.91787417155117	38.0	35.0	41.0	31.0	43.0
20	36.36740871264076	38.0	35.0	41.0	29.0	43.0
21	36.185700370385455	37.0	34.0	41.0	29.0	43.0
22	36.18954735262029	37.0	34.0	41.0	29.0	43.0
23	36.45568238577266	38.0	35.0	41.0	29.0	43.0
24	36.80173097463056	38.0	35.0	41.0	30.0	43.0
25	36.16844489875191	37.0	34.0	40.0	29.0	43.0
26	36.344767423251085	38.0	35.0	41.0	29.0	43.0
27	37.42539733191028	39.0	36.0	41.0	31.0	43.0
28	37.30060680938887	38.0	36.0	41.0	31.0	43.0
29	36.78387179913742	38.0	35.0	41.0	29.0	43.0
30	36.97338350775387	38.0	36.0	41.0	30.0	43.0
31	36.598319270501264	38.0	35.0	41.0	29.0	43.0
32	37.58642169569647	39.0	36.0	42.0	32.0	43.0
33	37.03017635406875	38.0	36.0	41.0	31.0	43.0
34	37.04662425017673	38.0	35.0	41.0	30.0	43.0
35	37.21857902389115	38.0	36.0	41.0	31.0	44.0
36	37.23452112117857	38.0	36.0	41.0	31.0	43.0
37	36.88611543935635	38.0	35.0	42.0	29.0	43.0
38	36.720129538058096	38.0	35.0	41.0	28.0	44.0
39	37.04288798626686	38.0	36.0	41.0	30.0	44.0
40	37.752973550556895	39.0	36.0	42.0	32.0	44.0
41	38.03113022923583	39.0	37.0	42.0	32.0	44.0
42	37.45680228200861	39.0	36.0	42.0	31.0	44.0
43	37.95573918674325	39.0	37.0	42.0	32.0	44.0
44	37.85264274837411	39.0	37.0	42.0	32.0	44.0
45	37.02701443128299	38.0	36.0	41.0	30.0	43.0
46	37.727997810858874	39.0	37.0	42.0	31.0	44.0
47	37.82813772767858	39.0	37.0	42.0	32.0	44.0
48	36.404024432453866	38.0	35.0	41.0	28.0	43.0
49	37.54027606312316	39.0	36.0	42.0	31.0	44.0
50	37.58900006232372	39.0	37.0	42.0	31.0	44.0
51	36.5673099650843	38.0	35.0	41.0	30.0	43.0
52	37.386290155154974	39.0	36.0	41.0	31.0	43.0
53	37.856701187439306	39.0	37.0	42.0	32.0	44.0
54	37.723511869421934	39.0	37.0	42.0	31.0	44.0
55	37.82765350582975	39.0	37.0	42.0	32.0	44.0
56	36.16865027491331	38.0	34.0	41.0	28.0	43.0
57	37.35473861705352	39.0	37.0	42.0	31.0	44.0
58	37.61920693257444	39.0	37.0	42.0	31.0	44.0
59	37.71535720338174	39.0	37.0	42.0	31.0	44.0
60	37.50120762712476	39.0	37.0	42.0	31.0	44.0
61	37.616726057249984	39.0	37.0	42.0	31.0	44.0
62	37.61083780071306	39.0	37.0	42.0	31.0	44.0
63	37.60530830364494	39.0	37.0	42.0	31.0	44.0
64	37.65694657314874	39.0	37.0	42.0	31.0	44.0
65	37.61507810819882	39.0	37.0	42.0	31.0	44.0
66	37.62340890050209	39.0	37.0	42.0	31.0	44.0
67	37.63520047106754	40.0	37.0	42.0	31.0	44.0
68	37.46030241536332	39.0	37.0	42.0	30.0	44.0
69	36.94742565852485	39.0	36.0	42.0	29.0	44.0
70	37.390642898597974	39.0	37.0	42.0	30.0	44.0
71	37.39112952763947	40.0	37.0	42.0	30.0	44.0
72	37.33968541326878	40.0	37.0	42.0	30.0	44.0
73	36.774353182630286	39.0	36.0	42.0	27.0	44.0
74	37.29517368778944	40.0	37.0	42.0	30.0	44.0
75	37.03260985032515	39.0	37.0	42.0	29.0	44.0
76	36.865751642586154	39.0	36.0	42.0	29.0	44.0
77	37.095358116359705	40.0	36.0	42.0	28.0	45.0
78	37.01367544957238	40.0	37.0	42.0	28.0	44.0
79	37.05850937528198	40.0	37.0	43.0	28.0	44.0
80	36.85622664451097	40.0	37.0	42.0	28.0	44.0
81	36.9130480762387	40.0	37.0	42.0	27.0	44.0
82	35.72151343562673	39.0	34.0	42.0	23.0	44.0
83	36.32074069418496	39.0	36.0	42.0	25.0	44.0
84	36.655534604203176	40.0	36.0	42.0	26.0	44.0
85	36.70890978858692	40.0	36.0	43.0	26.0	45.0
86	36.39003440542799	39.0	36.0	42.0	26.0	44.0
87	36.37514466506992	40.0	36.0	42.0	25.0	44.0
88	36.14503234232597	39.0	36.0	42.0	25.0	44.0
89	36.03042285310479	39.0	36.0	42.0	24.0	44.0
90	35.448576152436274	39.0	35.0	42.0	24.0	44.0
91	34.60932556968565	38.0	34.0	41.0	22.0	43.0
92	33.65666170947966	37.0	34.0	40.0	19.0	42.0
93	32.47625441724555	35.0	33.0	38.0	15.0	41.0
94	31.369155707639983	34.0	31.0	37.0	10.0	40.0
95	30.477314359339275	33.0	31.0	36.0	2.0	39.0
96	29.902904968760343	33.0	30.0	36.0	2.0	38.0
97	29.331636901917467	32.0	30.0	36.0	2.0	37.0
98	28.920909378210727	32.0	29.0	35.0	2.0	37.0
99	28.564208334952234	32.0	29.0	35.0	2.0	38.0
100	28.265584124544336	32.0	28.0	36.0	2.0	38.0
101	27.039467641318915	31.0	25.0	36.0	2.0	39.0
>>END_MODULE
>>Per sequence quality scores	pass
#Quality	Count
2	190560.0
3	47811.0
4	45616.0
5	52211.0
6	62532.0
7	77372.0
8	95767.0
9	114849.0
10	132703.0
11	149354.0
12	163092.0
13	174982.0
14	186760.0
15	199922.0
16	214126.0
17	231020.0
18	252213.0
19	271811.0
20	294557.0
21	318490.0
22	349982.0
23	389042.0
24	438035.0
25	502808.0
26	589281.0
27	707830.0
28	866326.0
29	1069845.0
30	1340778.0
31	1683267.0
32	2120894.0
33	2680307.0
34	3408257.0
35	4434349.0
36	6047543.0
37	9079031.0
38	1.6050703E7
39	2.0929864E7
40	3777065.0
41	20006.0
>>END_MODULE
>>Per base sequence content	warn
#Base	G	A	T	C
1	15.596701499120606	28.154877672549606	29.377794231942616	26.87062659638717
2	25.829686279732762	30.053189805473885	24.72186738071022	19.39525653408313
3	23.933148197650226	26.234419367138766	26.25426491538887	23.578167519822134
4	23.18492752362901	25.676850859407274	26.024204999235153	25.114016617728563
5	22.633469774768635	26.626761681068512	27.8505533552937	22.88921518886915
6	23.534381688304883	26.064464042753947	25.380650817384208	25.02050345155696
7	23.436103032911053	25.541229374104457	27.350460333596033	23.67220725938846
8	22.56511177191057	25.848265544343178	27.50752589352578	24.07909679022047
9	22.604048113211675	25.385916551331423	27.833444734949968	24.17659060050693
10	23.22971384459623	26.252607462941675	26.26467727739639	24.253001415065697
11	23.2642369993511	26.052308973559136	26.60947879000605	24.073975237083715
12	23.31707487827284	26.012138946018972	26.639450846135116	24.03133532957307
13	23.074085077786364	26.21648578180998	26.901616694412695	23.807812445990965
14	23.132756637673914	26.262292652166014	26.86874472337413	23.73620598678594
15	23.032192402997754	26.086166389093528	26.841593596145362	24.040047611763356
16	22.96337803653093	26.11239601288154	26.950198105060448	23.974027845527086
17	23.080429033446574	26.08999532992086	26.90721717858941	23.922358458043153
18	23.08361480248464	25.95678730601052	26.819785935126834	24.139811956378008
19	23.015670535865283	26.00052549517301	26.879162100366365	24.10464186859534
20	23.184925016136653	26.029532166745085	26.869750227808815	23.915792589309447
21	23.192738362317375	25.95602126709582	26.765729414920163	24.085510955666646
22	23.123549125743356	26.043557825237336	26.78661431875175	24.046278730267556
23	23.24672718023044	26.0787680328977	26.77133616782777	23.903168619044095
24	23.25113033680725	25.987373697766756	26.68879704195139	24.072698923474604
25	23.227252740848996	26.07360510613707	26.68580058858619	24.01334156442774
26	23.362142038383915	26.12704352947804	26.681460119318274	23.829354312819774
27	23.371664240605124	26.026054274847567	26.60666914482136	23.995612339725948
28	23.284394730399498	26.12434546770318	26.635771101102957	23.955488700794366
29	23.398888085112215	26.146154382467884	26.637221685430795	23.817735846989105
30	23.378034524935075	26.03850272064801	26.611570038630806	23.97189271578611
31	23.328023843644512	26.136284892555395	26.599596762631784	23.93609450116831
32	23.44099264300489	26.183586228355498	26.56765005627252	23.807771072367096
33	23.460493411056067	26.08375794268577	26.511152492257462	23.944596154000703
34	23.39879154665652	26.19109867545352	26.518686253040507	23.891423524849458
35	23.460752936514893	26.20437333998521	26.519046078193565	23.81582764530633
36	23.473039974762376	26.08046582187017	26.489566723404185	23.956927479963273
37	23.392854395778578	26.156913353259014	26.555397271092723	23.894834979869685
38	23.45727504461738	26.18133700771233	26.56098639533694	23.80040155233335
39	23.465500873290633	26.088535969369776	26.503047023217285	23.942916134122306
40	23.443841154321095	26.17674829670119	26.497373821762256	23.88203672721546
41	23.53876979992756	26.19767206666429	26.489950390642864	23.773607742765286
42	23.525482597934094	26.113687371444783	26.43717770652237	23.923652324098754
43	23.47899118216492	26.18258323141317	26.46660062182551	23.871824964596403
44	23.54232291659575	26.20234728616171	26.485762878408647	23.76956691883389
45	23.571851146577835	26.12363835485884	26.408039391601612	23.896471106961712
46	23.500267254804015	26.193577331647244	26.449154743759923	23.857000669788818
47	23.60055065033632	26.218377684792436	26.42903587884303	23.752035786028205
48	23.59906621486168	26.110792471519993	26.42187197318247	23.868269340435855
49	23.53295241766207	26.18954026895438	26.415459061482473	23.862048251901076
50	23.623973136431996	26.22780460230413	26.412996703989062	23.735225557274816
51	23.573925388021447	26.151982556487997	26.42001491140224	23.854077144088322
52	23.556705383579175	26.200896032228087	26.42720133770081	23.815197246491927
53	23.58842126731662	26.232278946502596	26.459974886733466	23.719324899447322
54	23.594249944803412	26.136637214107495	26.410122397497098	23.858990443591992
55	23.54525297384799	26.222619844903335	26.433614805806936	23.79851237544174
56	23.615942892162494	26.23135019649525	26.431311428155936	23.721395483186317
57	23.619839535283432	26.168193986529324	26.394624307498	23.817342170689244
58	23.571960222495314	26.22342902814323	26.42380399604263	23.78080675331883
59	23.61363349170279	26.24982289268054	26.446994539095385	23.68954907652128
60	23.605851489176516	26.160338012978556	26.399181674854695	23.834628822990233
61	23.57300584680769	26.23138028640352	26.426459430447437	23.76915443634136
62	23.64090372481846	26.24860299764944	26.423758861180218	23.68673441635188
63	23.639290153487494	26.16082070525705	26.39671680986893	23.80317233138653
64	23.585174230631633	26.251434988516202	26.414083528524706	23.74930725232746
65	23.66846542413043	26.262118931143263	26.409986554456804	23.6594290902695
66	23.66885975849636	26.19503645252571	26.372978017401955	23.763125771575975
67	23.62388559915222	26.248404591216584	26.383564939022374	23.744144870608817
68	23.69534464111208	26.25698335929635	26.389435113572773	23.6582368860188
69	23.689815598812796	26.18394903599982	26.341870967927168	23.78436439726022
70	23.661129158160467	26.24929631928582	26.372525777366196	23.717048745187512
71	23.730936491600197	26.276103920061843	26.364874164442426	23.62808542389553
72	23.72389012765478	26.198892339127212	26.336278849527776	23.74093868369023
73	23.6563147728373	26.26073424566687	26.369534338985712	23.71341664251011
74	23.732407940032274	26.292548005417228	26.36049792072256	23.61454613382794
75	23.763135587383978	26.214222914921788	26.319714305419843	23.702927192274398
76	23.678364342292642	26.28225129253569	26.348433234665947	23.690951130505724
77	23.75927865159363	26.31073298654158	26.349497052846054	23.580491309018733
78	23.779393754678775	26.24214335530785	26.30694489029633	23.67151799971704
79	23.719512684932113	26.299772518691523	26.325608290340657	23.65510650603571
80	23.78092314072075	26.32491186691528	26.327963013724766	23.566201978639214
81	23.802739387390652	26.25355631486138	26.274365900363932	23.66933839738404
82	23.714497206458944	26.333012500163093	26.303523629968822	23.648966663409137
83	23.816427424455252	26.335371210006166	26.301263883307918	23.546937482230668
84	23.824264131029143	26.250118625778722	26.274966019049415	23.65065122414272
85	23.749281144853356	26.330575056257878	26.274418203890797	23.64572559499797
86	23.829456359293346	26.37156629401598	26.25540969584157	23.543567650849102
87	23.83689563961389	26.30396234127388	26.233318865391595	23.625823153720635
88	23.825247822499374	26.370240886859055	26.217782579736664	23.586728710904907
89	23.890814718990185	26.39567054327135	26.218545642929968	23.494969094808496
90	23.8701898374376	26.34819792088509	26.185167162892757	23.59644507878455
91	23.813259516888333	26.39772695243407	26.216483591291123	23.572529939386477
92	23.88957689139417	26.440341878532998	26.202498201158303	23.467583028914532
93	23.892120981477042	26.39126719790476	26.165071294596228	23.55154052602197
94	23.873778763111346	26.476370986731357	26.13756965473064	23.512280595426656
95	23.949050382028606	26.507744903665966	26.12203212765697	23.421172586648463
96	23.96270659471706	26.474533661296125	26.081633777860425	23.481125966126392
97	23.946507929727527	26.53781477182892	26.075170694797627	23.44050660364592
98	24.01875368736695	26.57375332595719	26.054442917098996	23.353050069576863
99	24.064719459564966	26.533574390093552	25.995764358570295	23.40594179177119
100	24.079850431700464	26.612153747273638	25.944395668568454	23.363600152457444
101	24.384566023013697	26.607158331306984	25.696972744707537	23.311302900971782
>>END_MODULE
>>Per sequence GC content	warn
#GC Content	Count
0	17.0
1	28.5
2	59.5
3	94.5
4	135.0
5	176.5
6	238.0
7	349.5
8	455.0
9	569.0
10	754.5
11	956.0
12	1206.0
13	1545.5
14	1988.0
15	2724.5
16	4145.5
17	6608.0
18	10873.0
19	18374.5
20	30203.5
21	48205.0
22	74467.0
23	111702.5
24	160983.5
25	225889.0
26	309550.0
27	411844.0
28	532301.0
29	667085.0
30	814365.5
31	975938.0
32	1149967.0
33	1333266.0
34	1517657.0
35	1696502.0
36	1875336.0
37	2048920.5
38	2209337.5
39	2356802.5
40	2477948.0
41	2568432.5
42	2630956.5
43	2666149.5
44	2678885.0
45	2669551.5
46	2645953.5
47	2611427.0
48	2578275.0
49	2548187.0
50	2512421.5
51	2474452.0
52	2432392.0
53	2393989.5
54	2361847.5
55	2326185.5
56	2285407.5
57	2236838.0
58	2173757.5
59	2092545.0
60	1986989.0
61	1847339.5
62	1675802.0
63	1481936.5
64	1269934.0
65	1046036.5
66	820068.5
67	606739.0
68	418962.5
69	266936.5
70	157420.0
71	87651.0
72	48040.5
73	27003.0
74	15948.5
75	9931.0
76	6639.5
77	4684.0
78	3407.0
79	2619.5
80	1996.5
81	1555.0
82	1246.0
83	1013.0
84	835.5
85	666.0
86	514.5
87	411.0
88	313.5
89	258.5
90	212.5
91	171.5
92	132.0
93	93.5
94	75.0
95	53.5
96	42.5
97	31.5
98	21.5
99	11.0
100	4.5
>>END_MODULE
>>Per base N content	pass
#Base	N-Count
1	0.0
2	0.0
3	0.0
4	0.0
5	0.0
6	0.0
7	0.0
8	0.0
9	0.0
10	0.0
11	0.0
12	0.0
13	0.0
14	0.0
15	0.0
16	0.0
17	0.0
18	0.0
19	0.0
20	0.0
21	0.0
22	0.0
23	0.0
24	0.0
25	0.0
26	0.0
27	0.0
28	0.0
29	0.0
30	0.0
31	0.0
32	0.0
33	0.0
34	0.0
35	0.0
36	8.613236242226319E-4
37	0.0011333865448286161
38	0.0
39	0.0
40	0.0
41	0.0
42	0.0
43	0.0
44	0.0
45	0.0
46	0.0
47	0.0
48	0.0
49	0.0
50	0.0
51	0.0056982763785907746
52	0.016778885098939565
53	0.001910709175131428
54	0.01210742684005525
55	0.004521008717535387
56	0.0
57	0.0
58	0.0
59	0.0
60	0.0
61	0.0
62	0.0
63	0.0
64	0.0031130517597449713
65	0.006475599008893586
66	6.35649312199235E-4
67	0.0020335763005663887
68	0.001696318578709201
69	4.011987769304835E-5
70	0.0
71	0.0
72	0.008031498015677117
73	0.0
74	0.050750391535528266
75	0.0557954661554291
76	0.06318379238183952
77	0.15392617950026957
78	0.13799984180230726
79	0.11093271556745661
80	0.10782342504624537
81	0.10799769576497453
82	0.3554596088680526
83	0.1445782479977893
84	0.12372092658211578
85	0.09431556372546715
86	0.06866767816400808
87	0.044218373948628834
88	0.02319931927600521
89	0.018773595267990814
90	0.017610118814892415
91	0.050114742223329026
92	0.003375084710927693
93	0.01996841537553691
94	0.0011835363919449266
95	0.0010456243123750728
96	8.688461012900785E-4
97	0.0033500097873695378
98	0.004821907800233249
99	0.006165923702950369
100	0.017697881047345956
101	0.024762740759856187
>>END_MODULE
>>Sequence Length Distribution	pass
#Length	Count
101	7.9760961E7
>>END_MODULE
>>Sequence Duplication Levels	pass
#Total Deduplicated Percentage	82.54810420424056
#Duplication Level	Percentage of deduplicated	Percentage of total
1	87.55291667138826	72.27327288774948
2	8.768695271963834	14.47678342090604
3	2.075358621868037	5.139507593373955
4	0.7465788016209036	2.4651465885151755
5	0.31692023553768756	1.3080582313798745
6	0.16462237231836366	0.8153558846691342
7	0.1010656824980169	0.5839946343223293
8	0.05957359170848774	0.3934149644938502
9	0.04907658316934782	0.36460610113062625
>10	0.16228498152787435	2.0216647011655695
>50	0.002873837523615134	0.15479973480002177
>100	3.3348875582825604E-5	0.003395257493908827
>500	0.0	0.0
>1k	0.0	0.0
>5k	0.0	0.0
>10k+	0.0	0.0
>>END_MODULE
>>Overrepresented sequences	pass
>>END_MODULE
>>Adapter Content	pass
#Position	Illumina Universal Adapter	Illumina Small RNA 3' Adapter	Illumina Small RNA 5' Adapter	Nextera Transposase Sequence	SOLID Small RNA Adapter
1	5.014984711631045E-6	0.0	0.0	1.002996942326209E-5	5.014984711631045E-6
2	6.268730889538806E-6	3.7612385337232836E-6	0.0	2.1313685024431938E-5	6.268730889538806E-6
3	7.522477067446567E-6	5.014984711631045E-6	0.0	3.008990826978627E-5	6.268730889538806E-6
4	8.776223245354329E-6	7.522477067446567E-6	0.0	4.137362387095612E-5	8.776223245354329E-6
5	1.3791207956985373E-5	8.776223245354329E-6	0.0	5.1403593294218207E-5	1.3791207956985373E-5
6	2.005993884652418E-5	1.2537461779077611E-5	0.0	6.268730889538806E-5	1.6298700312800896E-5
7	2.1313685024431938E-5	1.6298700312800896E-5	0.0	7.146353214074239E-5	1.7552446490708657E-5
8	2.5074923558155223E-5	2.6328669736062984E-5	0.0	8.650848627563551E-5	1.880619266861642E-5
9	3.134365444769403E-5	3.385114680350955E-5	0.0	9.403096334308208E-5	2.382117738024746E-5
10	4.011987769304836E-5	3.6358639159325076E-5	0.0	1.0531467894425194E-4	2.5074923558155223E-5
11	4.137362387095612E-5	4.011987769304836E-5	0.0	1.1659839454542179E-4	2.6328669736062984E-5
12	4.2627370048863876E-5	4.388111622677164E-5	0.0	1.328970948582227E-4	2.6328669736062984E-5
13	4.51348624046794E-5	4.764235476049492E-5	0.0	1.4418081045939254E-4	2.7582415913970745E-5
14	4.638860858258716E-5	5.1403593294218207E-5	0.0	1.5044954134893135E-4	2.8836162091878507E-5
15	4.764235476049492E-5	5.641857800584925E-5	0.0	1.617332569501012E-4	3.008990826978627E-5
16	5.1403593294218207E-5	6.268730889538806E-5	0.0	1.767782110849943E-4	3.259740062560179E-5
17	5.516483182794149E-5	6.519480125120358E-5	0.0	1.8430068815244088E-4	3.5104892981417314E-5
18	6.017981653957254E-5	6.519480125120358E-5	0.0	1.968381499315185E-4	3.761238533723284E-5
19	7.146353214074239E-5	6.77022936070191E-5	0.0	2.0561437317687283E-4	3.88661315151406E-5
20	7.397102449655791E-5	7.146353214074239E-5	0.0	2.2065932731176596E-4	4.2627370048863876E-5
21	7.397102449655791E-5	7.647851685237344E-5	0.0	2.3194304291293582E-4	4.51348624046794E-5
22	7.522477067446567E-5	7.898600920818896E-5	0.0	2.419730123361979E-4	4.8896100938402684E-5
23	7.898600920818896E-5	8.400099391982E-5	0.0	2.545104741152755E-4	4.8896100938402684E-5
24	8.274724774191224E-5	9.152347098726656E-5	0.0	2.6077920500481433E-4	5.265733947212597E-5
25	8.525474009772775E-5	9.403096334308208E-5	0.0	2.78331651495523E-4	5.641857800584925E-5
26	8.901597863145104E-5	9.779220187680537E-5	0.0	2.846003823850618E-4	5.641857800584925E-5
27	8.901597863145104E-5	9.904594805471313E-5	0.0	2.908691132746006E-4	6.394105507329582E-5
28	9.403096334308208E-5	1.0280718658843641E-4	0.0	3.0842155976530927E-4	6.895603978492687E-5
29	9.904594805471313E-5	1.065684251221597E-4	0.0	3.197052753664791E-4	7.77322630302812E-5
30	1.0029969423262089E-4	1.1032966365588298E-4	0.0	3.30988990967649E-4	8.023975538609672E-5
31	1.065684251221597E-4	1.1534464836751403E-4	0.0	3.4352645274672653E-4	8.650848627563551E-5
32	1.1158340983379074E-4	1.2161337925705284E-4	0.0	3.5606391452580415E-4	8.650848627563551E-5
33	1.1659839454542179E-4	1.2412087161286836E-4	0.0	3.635863915932507E-4	8.650848627563551E-5
34	1.1785214072332955E-4	1.2662836396868388E-4	0.0	3.798850919060516E-4	8.776223245354328E-5
35	1.2161337925705284E-4	1.291358563244994E-4	0.0	3.961837922188525E-4	8.776223245354328E-5
36	1.328970948582227E-4	1.3038960250240717E-4	0.0	4.0496001546420685E-4	9.02697248093588E-5
37	1.3665833339194597E-4	1.3415084103613045E-4	0.0	4.137362387095612E-4	9.02697248093588E-5
38	1.391658257477615E-4	1.3665833339194597E-4	1.2537461779077613E-6	4.187512234211922E-4	9.152347098726656E-5
39	1.4668830281520806E-4	1.4041957192566926E-4	1.2537461779077613E-6	4.2376620813282327E-4	9.403096334308208E-5
40	1.4668830281520806E-4	1.4794204899311583E-4	1.2537461779077613E-6	4.350499237339931E-4	9.403096334308208E-5
41	1.4668830281520806E-4	1.517032875268391E-4	1.2537461779077613E-6	4.51348624046794E-4	9.528470952098984E-5
42	1.4668830281520806E-4	1.5421077988265463E-4	1.2537461779077613E-6	4.6388608582587163E-4	9.65384556988976E-5
43	1.4794204899311583E-4	1.554645260605624E-4	1.2537461779077613E-6	4.7266230907122596E-4	9.65384556988976E-5
44	1.5044954134893135E-4	1.5797201841637792E-4	1.2537461779077613E-6	4.839460246723958E-4	9.65384556988976E-5
45	1.5421077988265463E-4	1.6047951077219344E-4	1.2537461779077613E-6	4.877072632061191E-4	9.779220187680537E-5
46	1.5671827223847016E-4	1.6800198783964E-4	1.2537461779077613E-6	5.014984711631045E-4	9.779220187680537E-5
47	1.5797201841637792E-4	1.7176322637336327E-4	1.2537461779077613E-6	5.077672020526433E-4	9.904594805471313E-5
48	1.6424074930591673E-4	1.7803195726290207E-4	1.2537461779077613E-6	5.203046638317209E-4	1.0155344041052865E-4
49	1.705094801954555E-4	1.8179319579662536E-4	1.2537461779077613E-6	5.278271408991675E-4	1.0155344041052865E-4
50	1.742707187291788E-4	1.8430068815244088E-4	1.2537461779077613E-6	5.340958717887063E-4	1.0155344041052865E-4
51	1.7552446490708655E-4	1.9182316521988745E-4	1.2537461779077613E-6	5.441258412119684E-4	1.0155344041052865E-4
52	1.8555443433034864E-4	1.968381499315185E-4	1.2537461779077613E-6	5.503945721015072E-4	1.0280718658843641E-4
53	2.031068808210573E-4	2.0812186553268835E-4	1.2537461779077613E-6	5.604245415247693E-4	1.0531467894425194E-4
54	2.1439059642222716E-4	2.0812186553268835E-4	1.2537461779077613E-6	5.692007647701236E-4	1.065684251221597E-4
55	2.231668196675815E-4	2.1188310406641163E-4	1.2537461779077613E-6	5.779769880154779E-4	1.065684251221597E-4
56	2.3695802762456686E-4	2.194055811338582E-4	1.2537461779077613E-6	5.854994650829245E-4	1.065684251221597E-4
57	2.457342508699212E-4	2.231668196675815E-4	1.2537461779077613E-6	5.892607036166478E-4	1.0782217130006746E-4
58	2.5200298175946E-4	2.2818180437921253E-4	1.2537461779077613E-6	6.14335627174803E-4	1.0782217130006746E-4
59	2.645404435385376E-4	2.3194304291293582E-4	1.2537461779077613E-6	6.281268351317884E-4	1.0782217130006746E-4
60	2.745704129617997E-4	2.3946551998038239E-4	1.2537461779077613E-6	6.369030583771427E-4	1.0782217130006746E-4
61	2.8585412856296956E-4	2.5074923558155224E-4	1.2537461779077613E-6	6.481867739783126E-4	1.1032966365588298E-4
62	3.0591406740949374E-4	2.5701796647109105E-4	1.2537461779077613E-6	6.544555048678514E-4	1.1158340983379074E-4
63	3.30988990967649E-4	2.5952545882690657E-4	1.2537461779077613E-6	6.582167434015747E-4	1.128371560116985E-4
64	3.610788992374352E-4	2.6328669736062985E-4	1.2537461779077613E-6	6.770229360701911E-4	1.128371560116985E-4
65	3.811388380839594E-4	2.657941897164454E-4	1.2537461779077613E-6	6.82037920781822E-4	1.128371560116985E-4
66	4.225124619549155E-4	2.708091744280764E-4	1.2537461779077613E-6	6.883066516713608E-4	1.128371560116985E-4
67	4.6012484729214835E-4	2.720629206059842E-4	1.2537461779077613E-6	7.020978596283462E-4	1.1409090218960627E-4
68	5.0400596351892E-4	2.7958539767343075E-4	1.2537461779077613E-6	7.08366590517885E-4	1.1534464836751403E-4
69	5.554095568131382E-4	2.871078747408773E-4	1.2537461779077613E-6	7.234115446527781E-4	1.1534464836751403E-4
70	6.293805813096961E-4	2.908691132746006E-4	1.2537461779077613E-6	7.484864682109334E-4	1.1659839454542179E-4
71	7.547551991004722E-4	2.946303518083239E-4	1.2537461779077613E-6	7.522477067446567E-4	1.1659839454542179E-4
72	9.202496945842967E-4	2.971378441641394E-4	1.2537461779077613E-6	7.622776761679188E-4	1.1659839454542179E-4
73	0.0011120728598041842	3.0215282887577046E-4	1.2537461779077613E-6	7.760688841249041E-4	1.1659839454542179E-4
74	0.0013364934256496735	3.146902906548481E-4	1.2537461779077613E-6	7.860988535481662E-4	1.1785214072332955E-4
75	0.001611063838611473	3.1845152918857136E-4	1.2537461779077613E-6	7.936213306156128E-4	1.2035963307914507E-4
76	0.0020248000773210343	3.259740062560179E-4	1.2537461779077613E-6	8.061587923946904E-4	1.2161337925705284E-4
77	0.0025651646799992795	3.297352447897412E-4	1.2537461779077613E-6	8.111737771063215E-4	1.2161337925705284E-4
78	0.003317412386743936	3.3475022950137226E-4	1.2537461779077613E-6	8.262187312412146E-4	1.2161337925705284E-4
79	0.0041925272189235535	3.4227270656881877E-4	1.2537461779077613E-6	8.324874621307534E-4	1.228671254349606E-4
80	0.00542119847327316	3.4979518363626534E-4	1.2537461779077613E-6	8.462786700877388E-4	1.228671254349606E-4
81	0.006830409177241483	3.5982515305952743E-4	1.2537461779077613E-6	8.538011471551853E-4	1.228671254349606E-4
82	0.008584400080134441	3.67347630126974E-4	1.2537461779077613E-6	8.66338608934263E-4	1.2412087161286836E-4
83	0.010826098246233517	3.7236261483860505E-4	1.2537461779077613E-6	8.700998474679862E-4	1.2412087161286836E-4
84	0.01361944473061201	3.798850919060516E-4	1.2537461779077613E-6	8.776223245354328E-4	1.2662836396868388E-4
85	0.017285398554814303	3.811388380839594E-4	1.2537461779077613E-6	8.851448016028794E-4	1.2662836396868388E-4
86	0.021964379290766067	3.8866131515140595E-4	1.2537461779077613E-6	8.951747710261415E-4	1.2788211014659164E-4
87	0.02816916912523158	3.9869128457466804E-4	1.2537461779077613E-6	9.02697248093588E-4	1.291358563244994E-4
88	0.036048963853381855	4.0746750782002237E-4	1.2537461779077613E-6	9.039509942714958E-4	1.3164334868031493E-4
89	0.04788558151900903	4.124824925316534E-4	1.2537461779077613E-6	9.114734713389424E-4	1.3415084103613045E-4
90	0.0654392817558956	4.200049695991E-4	2.5074923558155225E-6	9.2401093311802E-4	1.354045872140382E-4
>>END_MODULE
