##FastQC	0.11.8
>>Basic Statistics	pass
#Measure	Value
Filename	HG00140.mapped.ILLUMINA.bwa.GBR.exome.20121211.bam
File type	Conventional base calls
Encoding	Sanger / Illumina 1.9
Total Sequences	97731245
Sequences flagged as poor quality	0
Sequence length	90
%GC	45
>>END_MODULE
>>Per base sequence quality	pass
#Base	Mean	Median	Lower Quartile	Upper Quartile	10th Percentile	90th Percentile
1	24.508093322662575	25.0	24.0	25.0	24.0	25.0
2	29.92941120314184	30.0	28.0	33.0	26.0	35.0
3	30.755633554038937	31.0	28.0	34.0	27.0	36.0
4	31.332302407484935	31.0	29.0	35.0	27.0	37.0
5	32.2543382927333	32.0	30.0	36.0	28.0	38.0
6	32.50653569388172	32.0	30.0	36.0	29.0	38.0
7	32.214904250938375	32.0	30.0	36.0	28.0	38.0
8	32.22981225707296	32.0	30.0	36.0	28.0	38.0
9	32.12132618386269	32.0	30.0	36.0	28.0	38.0
10	32.23752765044588	32.0	30.0	36.0	29.0	38.0
11	32.24445418658076	32.0	30.0	36.0	29.0	38.0
12	32.28834295521356	32.0	30.0	36.0	29.0	38.0
13	32.44934631703505	33.0	30.0	36.0	29.0	38.0
14	32.351903887032236	33.0	30.0	36.0	28.0	38.0
15	32.38359198227752	33.0	30.0	36.0	28.0	38.0
16	32.446842020686425	33.0	30.0	36.0	28.0	38.0
17	32.38151156265327	32.0	30.0	36.0	28.0	38.0
18	32.42508868069776	32.0	30.0	36.0	28.0	38.0
19	32.393797387928494	32.0	30.0	36.0	28.0	38.0
20	32.41526476000587	32.0	30.0	36.0	28.0	38.0
21	32.481251548570775	32.0	30.0	36.0	28.0	38.0
22	32.41082879891687	32.0	30.0	36.0	28.0	38.0
23	32.386509145565476	33.0	30.0	36.0	28.0	38.0
24	32.31447112947349	32.0	30.0	36.0	28.0	38.0
25	32.32674383714236	32.0	30.0	36.0	28.0	38.0
26	32.34565065655308	32.0	30.0	37.0	28.0	38.0
27	32.27053494509356	32.0	30.0	36.0	28.0	38.0
28	32.21960321901148	32.0	30.0	36.0	28.0	38.0
29	32.22615278256202	32.0	30.0	36.0	28.0	38.0
30	32.17843868662473	32.0	30.0	36.0	28.0	38.0
31	32.1639582305536	32.0	30.0	36.0	28.0	38.0
32	32.14806752947842	32.0	30.0	36.0	28.0	38.0
33	32.03366610135786	32.0	30.0	36.0	28.0	38.0
34	31.894989417151088	32.0	30.0	36.0	27.0	38.0
35	32.04805966607711	32.0	30.0	36.0	28.0	38.0
36	32.08620060043234	32.0	30.0	37.0	28.0	38.0
37	31.987906078552463	33.0	30.0	36.0	28.0	38.0
38	31.946957618313366	32.0	30.0	36.0	28.0	38.0
39	31.808371672743963	32.0	30.0	36.0	27.0	38.0
40	31.864965927733756	32.0	30.0	36.0	28.0	38.0
41	31.917099173350344	32.0	30.0	36.0	28.0	38.0
42	31.831567724323985	32.0	30.0	36.0	28.0	38.0
43	31.80725244009733	33.0	30.0	36.0	28.0	38.0
44	31.794483933976284	33.0	30.0	36.0	27.0	38.0
45	31.708660367521155	33.0	30.0	36.0	27.0	38.0
46	31.68490582515346	33.0	30.0	36.0	27.0	38.0
47	31.61278826438771	32.0	30.0	36.0	27.0	38.0
48	31.503156252639574	32.0	30.0	35.0	27.0	38.0
49	31.044129960689645	32.0	30.0	35.0	26.0	38.0
50	31.296815527112134	32.0	30.0	35.0	27.0	38.0
51	31.41951260315982	32.0	30.0	36.0	27.0	38.0
52	31.330233366002858	32.0	30.0	36.0	27.0	38.0
53	31.233012830236635	32.0	30.0	36.0	26.0	38.0
54	31.183688962521657	32.0	30.0	36.0	26.0	38.0
55	31.046963987821908	32.0	30.0	35.0	26.0	38.0
56	31.09434157929739	32.0	30.0	36.0	26.0	38.0
57	30.96204661057986	32.0	30.0	35.0	26.0	38.0
58	30.90708615243774	32.0	30.0	35.0	26.0	38.0
59	30.802533048668316	32.0	30.0	35.0	26.0	38.0
60	30.70395949626959	32.0	30.0	35.0	26.0	38.0
61	30.60096335619177	32.0	30.0	35.0	25.0	38.0
62	30.50924474562869	32.0	30.0	35.0	25.0	38.0
63	30.320515808429537	32.0	29.0	35.0	24.0	38.0
64	30.210116007424237	32.0	29.0	35.0	24.0	38.0
65	30.116270502846863	32.0	29.0	35.0	24.0	38.0
66	30.03082518799387	32.0	29.0	35.0	23.0	38.0
67	29.86540537777862	32.0	29.0	35.0	21.0	38.0
68	29.69750833523097	32.0	29.0	35.0	21.0	38.0
69	29.594075272447416	32.0	29.0	35.0	19.0	37.0
70	29.50037789859323	32.0	29.0	35.0	18.0	37.0
71	29.51151089909885	32.0	29.0	35.0	13.0	38.0
72	29.326652167380043	32.0	29.0	35.0	11.0	38.0
73	29.172997888239323	32.0	29.0	35.0	8.0	37.0
74	29.024202832983455	32.0	29.0	35.0	2.0	37.0
75	28.895878365204496	32.0	29.0	35.0	2.0	37.0
76	28.917765572310064	32.0	29.0	35.0	2.0	38.0
77	28.72247011690069	32.0	29.0	35.0	2.0	37.0
78	28.593976491346243	32.0	29.0	35.0	2.0	37.0
79	28.41021113565063	32.0	29.0	35.0	2.0	37.0
80	28.195417197437727	32.0	29.0	34.0	2.0	37.0
81	28.11628329302466	32.0	29.0	35.0	2.0	37.0
82	27.791010858400504	31.0	28.0	34.0	2.0	37.0
83	27.588252170531543	31.0	28.0	34.0	2.0	37.0
84	27.37405236165773	31.0	28.0	34.0	2.0	37.0
85	27.039809694432932	31.0	28.0	34.0	2.0	37.0
86	25.89092568093244	30.0	25.0	33.0	2.0	37.0
87	26.27971509009222	31.0	26.0	34.0	2.0	37.0
88	25.866028771044512	31.0	26.0	33.0	2.0	37.0
89	25.516494842565447	30.0	25.0	33.0	2.0	36.0
90	24.991125489090003	30.0	25.0	33.0	2.0	36.0
>>END_MODULE
>>Per sequence quality scores	pass
#Quality	Count
2	597828.0
3	64213.0
4	83053.0
5	80558.0
6	108457.0
7	128044.0
8	165144.0
9	201704.0
10	221546.0
11	251578.0
12	275170.0
13	322586.0
14	341942.0
15	399563.0
16	435117.0
17	504993.0
18	573993.0
19	648561.0
20	752241.0
21	830920.0
22	953253.0
23	1040752.0
24	1183332.0
25	1333036.0
26	1554113.0
27	1901162.0
28	2430873.0
29	3379256.0
30	5104291.0
31	9135463.0
32	2.5033693E7
33	3.5519311E7
34	2175329.0
35	170.0
>>END_MODULE
>>Per base sequence content	pass
#Base	G	A	T	C
1	20.723755233037295	31.021498805218332	26.615099398355152	21.63964656338922
2	22.178618516524576	30.014626335723033	27.17411714135024	20.63263800640215
3	22.067804416080037	27.885561060845998	28.133393778008255	21.913240745065714
4	21.90513484198426	27.559706212685615	28.22934159899426	22.305817346335864
5	22.155051846520525	27.969082968297393	28.03942280690275	21.83644237827933
6	22.568643221520404	27.7005608595286	26.89642600992139	22.834369909029604
7	22.420820485812904	27.73387466822918	27.737604284075168	22.107700561882744
8	21.619984478863437	27.984311465591173	27.970801968193488	22.4249020873519
9	21.708880307418575	27.533680758901617	28.250651058420466	22.50678787525934
10	21.964755488380405	27.84447798654361	27.86713911195954	22.32362741311645
11	21.765874362902057	27.849002639841537	27.877365114912838	22.50775788234356
12	21.814174167125365	27.684769594411694	27.886770500058606	22.614285738404334
13	21.7555173885281	27.78276179741699	27.97639690356958	22.48532391048533
14	21.765451775427604	27.806872817388133	28.12147333230023	22.306202074884034
15	21.8164180759183	27.78821450601596	27.91517083405619	22.480196584009544
16	21.880041536358203	27.69191162969427	27.839242199360093	22.588804634587433
17	21.894947721171466	27.779437374403653	27.89527545668737	22.43033944773752
18	21.981702985570276	27.4673897789801	27.811066972491755	22.73984026295787
19	22.12855059812243	27.526621603971176	27.80167079627401	22.543157001632387
20	22.02373764910086	27.624265914140356	27.78215093852534	22.569845498233445
21	22.120794634305536	27.36842961531903	27.679571666154462	22.831204084220968
22	22.275221194613863	27.431320454374646	27.648179453766296	22.645278897245195
23	22.148198357649083	27.417058894522423	27.661776947587235	22.772965800241263
24	22.20181478297959	27.298076474928774	27.715245006855277	22.784863735236364
25	22.24052604671106	27.377319300495966	27.555022961182985	22.827131691609985
26	22.28223225847578	27.349315973617237	27.707673221598682	22.660778546308297
27	22.331691364414727	27.25000689390583	27.614601655795955	22.803700085883484
28	22.34844342768784	27.333063238885373	27.436965527247708	22.88152780617908
29	22.377012592032365	27.324371034053645	27.45388949051043	22.844726883403563
30	22.557840125744843	27.212938912217886	27.4333249310392	22.79589603099807
31	22.450606251869605	27.410554321701312	27.392349294230318	22.746490132198765
32	22.427427380056397	27.254879440039876	27.56823061038463	22.749462569519093
33	22.480473875064213	27.170837739762753	27.394023272700558	22.954665112472476
34	22.49519588131718	27.257763880936952	27.457432881367673	22.7896073563782
35	22.529908423861787	27.283152895473705	27.37516748098318	22.81177119968133
36	22.62863222503714	27.14396301817295	27.329418549819966	22.897986206969943
37	22.55020285477792	27.27118231226871	27.32670703212673	22.851907800826645
38	22.574997381850604	27.162509799194723	27.404659584557628	22.857833234397045
39	22.632085573042684	27.081531602303848	27.292763946678466	22.993618877975003
40	22.710031986188245	27.12937402976909	27.28238446159158	22.878209522451083
41	22.69752830837262	27.15047986956474	27.28506425964388	22.866927562418756
42	22.68048113746395	27.118244424571802	27.230146209751275	22.97112822821297
43	22.68717031078444	27.15465049074122	27.231513320023705	22.926665878450642
44	22.74284032706224	27.091607192766244	27.2672286125077	22.898323867663816
45	22.743929026996433	27.046158063370623	27.204765476997654	23.005147432635283
46	22.804772414390094	27.05299006474337	27.188944538668263	22.953292982198274
47	22.756712042295174	27.036995179995916	27.210267299879376	22.996025477829534
48	22.84413853522484	26.950691153069826	27.1738623610085	23.031307950696835
49	22.799814290591513	27.018082110170322	27.19595983193982	22.98614376729834
50	22.80012819295846	27.021754462925333	27.16056536405817	23.017551980058037
51	22.876354354875435	26.937310365964635	27.143514156965715	23.04282112219422
52	22.840227597243192	26.979924175317716	27.186706763730367	22.993141463708724
53	22.873777193097293	26.980121867380458	27.16685287309439	22.979248066427864
54	22.858683307522316	26.912806539871987	27.161083861553546	23.06742629105215
55	22.898526991378418	27.014674544694593	27.069179522802965	23.017618941124024
56	22.944194520614804	26.94720837535231	27.102526162615646	23.00607094141724
57	22.997699118740613	26.88475191200428	27.04212101220684	23.075427957048266
58	22.984053503795593	26.94248883891387	27.03947836427025	23.03397929302029
59	22.930438743892008	26.987523808295922	27.061809170586198	23.020228277225876
60	22.95722850411171	26.915043485419186	27.012065221912522	23.11566278855658
61	22.990628762547008	26.959349583845952	27.002527870858795	23.04749378274824
62	23.046121206007868	26.886817213106152	27.02605141710527	23.041010163780715
63	23.04131918887407	26.86393193073031	26.97656335448006	23.118185525915557
64	23.09493502746501	26.869122575448618	26.968126988495356	23.06781540859102
65	23.056203821357816	26.863506583967776	27.032681907804456	23.04760768686995
66	23.13360857174121	26.78444018586625	26.93634226897349	23.145608973419048
67	23.089008896163357	26.84452417476757	26.959467753775314	23.106999175293762
68	23.091641004580932	26.87751230800376	26.939143266038645	23.091703421376657
69	23.143715714070236	26.76568531708145	26.913938454258446	23.176660514589862
70	23.185097760619307	26.81285017422601	26.88041228347477	23.121639781679914
71	23.184146068823985	26.81396966317259	26.88475736056322	23.117126907440202
72	23.216538772959584	26.756007195123544	26.83379344835124	23.193660583565627
73	23.22381839187437	26.81510239156409	26.81462250073444	23.1464567158271
74	23.22860479890108	26.812308541987278	26.832342112107405	23.126744547004236
75	23.309481418172457	26.72897410850158	26.777064236967984	23.18448023635798
76	23.21167278243717	26.810164723679115	26.777497484419982	23.20066500946374
77	23.26400592612978	26.798233129923105	26.78052845293948	23.157232491007633
78	23.309617784472984	26.73581766449258	26.721555039688088	23.233009511346346
79	23.325873468553894	26.783569805910297	26.703591083909366	23.186965641626443
80	23.32738634167678	26.77769063854589	26.709768628047016	23.185154391730315
81	23.368480101913995	26.726721490808348	26.64963850325822	23.255159904019433
82	23.37691201620756	26.774160016648935	26.629371034077113	23.219556933066396
83	23.389748186050056	26.76494842774292	26.63735180876631	23.207951577440713
84	23.424992235322733	26.694793656246908	26.588497849025288	23.29171625940507
85	23.43113573344392	26.747373189352086	26.55841056891598	23.263080508288013
86	23.495056796025114	26.764511179338946	26.515183041065754	23.225248983570186
87	23.480619431808712	26.673103161832323	26.51356768800708	23.332709718351886
88	23.496069245817957	26.730031936050747	26.495221666315622	23.27867715181568
89	23.5153353464391	26.707644008832588	26.488898202412138	23.28812244231617
90	23.556873751071112	26.645416212594036	26.43624871452318	23.361461321811667
>>END_MODULE
>>Per sequence GC content	pass
#GC Content	Count
0	418.0
1	538.5
2	765.5
3	1040.0
4	1322.5
5	1576.0
6	1923.0
7	2403.5
8	2990.0
9	3807.0
10	4310.0
11	5127.0
12	7175.0
13	10375.5
14	15748.0
15	25337.5
16	41933.0
17	69449.5
18	112692.5
19	173225.5
20	207623.0
21	255611.5
22	365514.5
23	503166.5
24	666466.5
25	853603.0
26	1061465.5
27	1281309.0
28	1506469.5
29	1735634.5
30	1851194.0
31	1964959.5
32	2184440.0
33	2392685.0
34	2589470.5
35	2767635.5
36	2928007.0
37	3073727.0
38	3193883.0
39	3285163.0
40	3325545.0
41	3346679.0
42	3377273.5
43	3386193.5
44	3376618.5
45	3354432.0
46	3311504.5
47	3253376.5
48	3192089.5
49	3119860.5
50	3080566.0
51	3039723.5
52	2955438.0
53	2866032.0
54	2773693.5
55	2675709.0
56	2561722.0
57	2428464.5
58	2278102.0
59	2101985.0
60	2005351.0
61	1901121.0
62	1690080.0
63	1473882.0
64	1259947.5
65	1057746.0
66	871084.0
67	703506.5
68	556947.0
69	432383.0
70	375809.0
71	330987.0
72	250228.0
73	186815.5
74	138634.0
75	103226.5
76	76879.5
77	56978.0
78	42363.5
79	31356.5
80	26708.0
81	22967.0
82	16730.5
83	12230.5
84	8690.0
85	6180.0
86	4295.5
87	2949.5
88	2113.5
89	1485.0
90	1257.0
91	1080.0
92	764.5
93	551.5
94	420.5
95	318.0
96	235.0
97	160.5
98	97.0
99	50.0
100	29.0
>>END_MODULE
>>Per base N content	pass
#Base	N-Count
1	0.0
2	0.0
3	0.0
4	0.0
5	0.0
6	0.0
7	0.0
8	0.0
9	0.0
10	0.0
11	0.0
12	0.0
13	0.0
14	0.0
15	0.0
16	0.0
17	0.0
18	0.0
19	0.0
20	0.0
21	0.0
22	0.0
23	0.0
24	0.0
25	0.0
26	0.0
27	0.0
28	0.0
29	0.0
30	0.0
31	0.0
32	0.0
33	0.0
34	0.0
35	0.0
36	0.0
37	0.0
38	0.0
39	0.0
40	0.0
41	0.0
42	7.162499567052481E-6
43	0.0
44	0.0
45	0.0
46	0.0
47	0.0
48	0.0
49	6.446249610347233E-5
50	4.5839997229135877E-4
51	0.0012565070669057782
52	0.0010876767199681126
53	0.0019379677399996287
54	0.0010375392229987452
55	0.002616358770421885
56	0.002639892697570772
57	0.003108524812100777
58	0.004294430097559895
59	0.0027677944755538516
60	0.003744964059344583
61	0.0016054231172436203
62	0.0017056981111823553
63	0.0019011320279405015
64	0.0012872034936217175
65	0.0013005052785319577
66	0.0012104624268318694
67	7.039713860188724E-4
68	0.0011664642152056897
69	0.0011296285031465628
70	4.399821162617953E-4
71	0.0010088892247305352
72	6.231374623335659E-4
73	6.998785291234139E-4
74	2.936624822491518E-4
75	1.729232038331242E-4
76	3.1208033827871527E-4
77	7.162499567052481E-6
78	2.926392680252871E-4
79	2.568267701900247E-4
80	3.990535473072097E-5
81	2.1692141545930372E-4
82	5.320713964096129E-5
83	6.129053200949195E-4
84	2.0771248744452198E-4
85	2.824071257866407E-4
86	2.0259641632519874E-4
87	3.069642671593921E-6
88	0.0
89	0.0
90	0.0
>>END_MODULE
>>Sequence Length Distribution	pass
#Length	Count
90	9.7731245E7
>>END_MODULE
>>Sequence Duplication Levels	pass
#Total Deduplicated Percentage	88.74968633422523
#Duplication Level	Percentage of deduplicated	Percentage of total
1	91.62849589610033	81.32000270055748
2	6.416945855486567	11.390038637962787
3	1.1908504474954702	3.170628110585842
4	0.3422575440520889	1.2150099872058064
5	0.13969795166443494	0.6199074695876179
6	0.08487302595984285	0.4519472659303565
7	0.054878245070919617	0.34092989256318
8	0.03843909371018591	0.2729166007800712
9	0.027402048672105293	0.21887309021080661
>10	0.07597320717566279	0.8997207408628299
>50	9.995567050987282E-5	0.005178571500637085
>100	7.680866778526583E-5	0.011288868516426244
>500	1.986723609542204E-6	0.0017596845498531102
>1k	5.081138353006248E-6	0.00689488756157814
>5k	1.426206105563845E-6	0.008957737131450268
>10k+	1.426206105563845E-6	0.0659457544932258
>>END_MODULE
>>Overrepresented sequences	pass
>>END_MODULE
>>Adapter Content	pass
#Position	Illumina Universal Adapter	Illumina Small RNA 3' Adapter	Illumina Small RNA 5' Adapter	Nextera Transposase Sequence	SOLID Small RNA Adapter
1	0.07571171328064019	2.0464284477292805E-6	0.0	8.185713790917122E-6	2.0464284477292805E-6
2	0.0759429596952336	7.162499567052482E-6	0.0	3.069642671593921E-5	2.0464284477292805E-6
3	0.0759808186215166	1.1255356462511042E-5	0.0	4.706785429777345E-5	6.139285343187841E-6
4	0.07600025969177002	1.7394641805698885E-5	0.0	6.139285343187841E-5	7.162499567052482E-6
5	0.0760729079016644	1.8417856029563525E-5	0.0	7.674106678984801E-5	8.185713790917122E-6
6	0.07611792932751445	2.1487498701157443E-5	0.0	8.799642325235905E-5	1.0232142238646403E-5
7	0.07623662217748275	2.5580355596616005E-5	0.0	1.0027499393873474E-4	1.0232142238646403E-5
8	0.07632257217228738	2.8649998268209926E-5	0.0	1.0641427928192258E-4	1.1255356462511042E-5
9	0.07657223644291035	3.069642671593921E-5	0.0	1.1562320729670434E-4	1.3301784910240323E-5
10	0.07685055071180154	3.376606938753313E-5	0.0	1.248321353114861E-4	1.4324999134104963E-5
11	0.07717183997809503	3.785892628299169E-5	0.0	1.3506427755013251E-4	1.4324999134104963E-5
12	0.0774736881741351	4.092856895458561E-5	0.0	1.452964197887789E-4	1.4324999134104963E-5
13	0.07781646493912975	5.013749696936737E-5	0.0	1.5655177625128994E-4	1.8417856029563525E-5
14	0.07815719527567667	5.116071119323201E-5	0.0	1.6576070426607172E-4	1.9441070253428165E-5
15	0.07860843274840099	5.525356808869057E-5	0.0	1.729232038331242E-4	2.0464284477292806E-5
16	0.07906376307802075	5.832321076028449E-5	0.0	1.831553460717706E-4	2.2510712925022084E-5
17	0.07958867197486331	6.241606765574305E-5	0.0	1.9645713098201092E-4	2.3533927148886724E-5
18	0.08007060587430355	6.446249610347233E-5	0.0	2.0771248744452195E-4	2.3533927148886724E-5
19	0.08060370048493704	6.855535299893089E-5	0.0	2.1794462968316837E-4	2.7626784044345286E-5
20	0.08133427544077639	6.957856722279554E-5	0.0	2.2715355769795012E-4	3.171964093980385E-5
21	0.0817619789863518	7.162499567052482E-5	0.0	2.3840891416046118E-4	3.171964093980385E-5
22	0.08223163431510568	7.674106678984801E-5	0.0	2.527339132945661E-4	3.171964093980385E-5
23	0.08272891642790389	8.185713790917122E-5	0.0	2.6603569820480644E-4	3.683571205912705E-5
24	0.08321391997001573	8.492678058076514E-5	0.0	2.7524462621958824E-4	3.888214050685633E-5
25	0.08354237173587628	8.799642325235905E-5	0.0	2.854767684582346E-4	3.990535473072097E-5
26	0.08388003242975162	9.004285170008833E-5	0.0	2.936624822491517E-4	4.1951783178450246E-5
27	0.08424327347922356	9.515892281941154E-5	0.0	2.998017675923396E-4	4.3998211626179527E-5
28	0.0845747948877557	9.720535126714082E-5	0.0	3.1105712405485065E-4	4.502142585004417E-5
29	0.08493189665188446	1.0232142238646402E-4	0.0	3.223124805173617E-4	4.502142585004417E-5
30	0.08533299662763941	1.0334463661032867E-4	0.0	3.3561426542760196E-4	4.706785429777345E-5
31	0.0859059965930036	1.0743749350578723E-4	0.0	3.509624787855716E-4	4.911428274550273E-5
32	0.08724333758359468	1.1664642152056899E-4	0.0	3.6017140680035334E-4	4.911428274550273E-5
33	0.0891035410425806	1.197160641921629E-4	0.0	3.7040354903899975E-4	5.013749696936737E-5
34	0.10143838851126884	1.2380892108762148E-4	0.0	3.816589055015108E-4	5.218392541709665E-5
35	0.16251813839064466	1.2892499220694466E-4	0.0	3.9291426196402183E-4	5.627678231255521E-5
36	0.16308090621377022	1.3711070599786178E-4	0.0	4.0007676153107433E-4	5.729999653641985E-5
37	0.16328657227276702	1.4120356289332034E-4	0.0	4.1030890376972075E-4	5.729999653641985E-5
38	0.16347689011840583	1.473428482365082E-4	0.0	4.164481891129086E-4	5.832321076028449E-5
39	0.16367437046361172	1.5245891935583138E-4	0.0	4.2668033135155495E-4	6.139285343187841E-5
40	0.16388924545062328	1.5552856202742532E-4	0.0	4.3588925936633674E-4	6.548571032733698E-5
41	0.16408365615315756	1.575749904751546E-4	0.0	4.420285447095246E-4	6.548571032733698E-5
42	0.1642882989979305	1.6473749004220707E-4	1.0232142238646403E-6	4.502142585004417E-4	6.650892455120161E-5
43	0.16454103291122507	1.7496963228085349E-4	1.0232142238646403E-6	4.563535438436295E-4	6.753213877506626E-5
44	0.16494520252965159	1.8622498874336452E-4	1.0232142238646403E-6	4.6249282918681736E-4	6.957856722279554E-5
45	0.16523067929810983	1.8929463141495844E-4	2.0464284477292805E-6	4.706785429777345E-4	7.060178144666017E-5
46	0.16576275069451946	1.93387488310417E-4	2.0464284477292805E-6	4.819338994402455E-4	7.162499567052482E-5
47	0.16602571675005265	2.0054998787746948E-4	2.0464284477292805E-6	4.911428274550273E-4	7.87874952375773E-5
48	0.1662559399504222	2.0668927322065733E-4	2.0464284477292805E-6	4.972821127982151E-4	8.083392368530658E-5
49	0.16654653278999976	2.1180534433998052E-4	2.0464284477292805E-6	5.075142550368616E-4	8.288035213303586E-5
50	0.16675526849166813	2.1999105813089764E-4	2.0464284477292805E-6	5.105838977084554E-4	8.594999480462977E-5
51	0.16701618811875363	2.261303434740855E-4	2.0464284477292805E-6	5.187696114993726E-4	8.697320902849442E-5
52	0.16722594703464588	2.3738569993659653E-4	2.0464284477292805E-6	5.249088968425604E-4	8.90196374762237E-5
53	0.1674766345194927	2.4454819950364904E-4	2.0464284477292805E-6	5.320713964096129E-4	9.004285170008833E-5
54	0.16765978986556448	2.496642706229722E-4	2.0464284477292805E-6	5.382106817528007E-4	9.208928014781761E-5
55	0.1679022916366204	2.568267701900247E-4	2.0464284477292805E-6	5.474196097675825E-4	9.311249437168226E-5
56	0.16814377019345247	2.619428413093479E-4	2.0464284477292805E-6	5.576517520062289E-4	9.41357085955469E-5
57	0.16836990053692655	2.650124839809418E-4	3.0696426715939206E-6	5.648142515732814E-4	9.515892281941154E-5
58	0.16860319337996768	2.7319819777185894E-4	3.0696426715939206E-6	5.709535369164692E-4	9.720535126714082E-5
59	0.16882318443809857	2.7524462621958824E-4	3.0696426715939206E-6	5.873249644983035E-4	9.720535126714082E-5
60	0.16905545406691586	2.7626784044345286E-4	3.0696426715939206E-6	6.016499636324085E-4	1.0129820816259939E-4
61	0.16928363083883768	2.7831426889118215E-4	3.0696426715939206E-6	6.149517485426487E-4	1.0232142238646402E-4
62	0.16955580582238566	2.8445355423437E-4	3.0696426715939206E-6	6.210910338858366E-4	1.043678508341933E-4
63	0.1698412825908439	2.895696253536932E-4	3.0696426715939206E-6	6.262071050051598E-4	1.043678508341933E-4
64	0.17011550400283962	2.916160538014225E-4	3.0696426715939206E-6	6.333696045722123E-4	1.0539106505805795E-4
65	0.17039893434285014	2.9877855336847494E-4	3.0696426715939206E-6	6.364392472438062E-4	1.0539106505805795E-4
66	0.17071920039491975	3.0491783871166276E-4	3.0696426715939206E-6	6.45648175258588E-4	1.0539106505805795E-4
67	0.1710333271616462	3.0901069560712135E-4	3.0696426715939206E-6	6.538338890495051E-4	1.0641427928192258E-4
68	0.17141600928137157	3.131035525025799E-4	3.0696426715939206E-6	6.558803174972344E-4	1.0641427928192258E-4
69	0.1718549681834095	3.223124805173617E-4	3.0696426715939206E-6	6.620196028404222E-4	1.0743749350578723E-4
70	0.1721885360203894	3.243589089650909E-4	3.0696426715939206E-6	6.753213877506625E-4	1.0743749350578723E-4
71	0.17253335921383176	3.284517658605495E-4	3.0696426715939206E-6	6.896463868847675E-4	1.1153035040124578E-4
72	0.172894553834856	3.3663747965146664E-4	3.0696426715939206E-6	6.978321006756846E-4	1.1357677884897506E-4
73	0.1731861698886574	3.4482319344238376E-4	3.0696426715939206E-6	7.029481717950078E-4	1.145999930728397E-4
74	0.173483925227802	3.581249783526241E-4	3.0696426715939206E-6	7.11133885585925E-4	1.145999930728397E-4
75	0.17379498235185686	3.6324104947194725E-4	3.0696426715939206E-6	7.182963851529774E-4	1.145999930728397E-4
76	0.1741449216164186	3.6835712059127046E-4	3.0696426715939206E-6	7.264820989438945E-4	1.1766963574443362E-4
77	0.17446723409693593	3.796124770537815E-4	3.0696426715939206E-6	7.397838838541349E-4	1.197160641921629E-4
78	0.17482638228951242	3.86774976620834E-4	3.0696426715939206E-6	7.500160260927813E-4	1.2176249263989218E-4
79	0.1751517644127014	3.918910477401572E-4	4.092856895458561E-6	7.582017398836984E-4	1.2585534953535074E-4
>>END_MODULE
