##FastQC	0.11.8
>>Basic Statistics	pass
#Measure	Value
Filename	HG00501.mapped.ILLUMINA.bwa.CHS.exome.20120522.bam
File type	Conventional base calls
Encoding	Sanger / Illumina 1.9
Total Sequences	90457317
Sequences flagged as poor quality	0
Sequence length	90
%GC	45
>>END_MODULE
>>Per base sequence quality	fail
#Base	Mean	Median	Lower Quartile	Upper Quartile	10th Percentile	90th Percentile
1	24.03976061991757	24.0	24.0	25.0	24.0	25.0
2	29.721024878507063	30.0	27.0	33.0	26.0	34.0
3	30.328699269291835	30.0	28.0	34.0	26.0	35.0
4	30.78162962759552	31.0	29.0	34.0	27.0	36.0
5	31.609345720479418	32.0	29.0	35.0	28.0	37.0
6	31.78739828199857	32.0	30.0	35.0	28.0	37.0
7	31.498983813548218	32.0	29.0	35.0	27.0	37.0
8	31.589855423193683	32.0	30.0	35.0	27.0	37.0
9	31.39544065849311	31.0	30.0	35.0	27.0	36.0
10	31.514197408707137	32.0	30.0	35.0	27.0	37.0
11	31.5734392719165	32.0	30.0	35.0	27.0	37.0
12	31.5420004663636	32.0	30.0	35.0	27.0	37.0
13	31.674226795826808	32.0	30.0	36.0	27.0	37.0
14	31.6923797330845	32.0	30.0	36.0	27.0	37.0
15	31.631269718070456	32.0	30.0	36.0	27.0	37.0
16	31.584923240648404	32.0	30.0	35.0	27.0	37.0
17	31.531236848424324	32.0	30.0	35.0	27.0	37.0
18	31.524146189301636	32.0	30.0	35.0	27.0	37.0
19	31.477324692263423	32.0	30.0	35.0	27.0	37.0
20	31.470463511536607	32.0	30.0	35.0	27.0	37.0
21	29.31907793595072	31.0	29.0	35.0	17.0	37.0
22	31.289972020726637	32.0	30.0	35.0	27.0	37.0
23	31.26935469465671	32.0	30.0	35.0	27.0	37.0
24	31.227189437864933	32.0	30.0	35.0	26.0	37.0
25	31.13515633013966	32.0	30.0	35.0	26.0	37.0
26	31.046506696633507	32.0	29.0	35.0	26.0	37.0
27	31.02617364828541	32.0	29.0	35.0	26.0	37.0
28	31.023023344811342	32.0	30.0	35.0	26.0	37.0
29	30.98583889018066	32.0	29.0	35.0	26.0	37.0
30	30.82706596305526	32.0	29.0	35.0	26.0	37.0
31	30.903648922065642	32.0	29.0	35.0	26.0	37.0
32	30.81981318327184	32.0	29.0	35.0	26.0	37.0
33	30.787550464270346	32.0	29.0	35.0	26.0	37.0
34	30.61374607208392	32.0	29.0	35.0	25.0	37.0
35	30.618002444180387	32.0	29.0	35.0	25.0	37.0
36	30.603244113464033	32.0	29.0	35.0	25.0	37.0
37	30.40263253662498	31.0	29.0	35.0	24.0	37.0
38	30.32644491324013	31.0	29.0	35.0	24.0	37.0
39	30.21999657584361	31.0	29.0	35.0	24.0	37.0
40	30.13800257860843	31.0	29.0	35.0	24.0	37.0
41	30.06129347170445	31.0	29.0	35.0	23.0	37.0
42	29.898309232408472	31.0	29.0	35.0	23.0	37.0
43	29.718187827746426	31.0	28.0	35.0	22.0	37.0
44	29.57513086531187	31.0	28.0	35.0	21.0	37.0
45	29.5898320309456	31.0	29.0	35.0	21.0	37.0
46	29.503668951401686	31.0	29.0	35.0	20.0	37.0
47	29.37313093201736	31.0	28.0	34.0	20.0	37.0
48	29.19655863770534	31.0	28.0	34.0	19.0	37.0
49	29.029692092238374	31.0	28.0	34.0	18.0	37.0
50	28.949868986275593	31.0	28.0	34.0	17.0	37.0
51	29.43582499799325	31.0	29.0	35.0	20.0	37.0
52	29.272114570897564	31.0	29.0	35.0	19.0	37.0
53	29.088624914665555	31.0	28.0	34.0	18.0	37.0
54	28.950719553178878	31.0	28.0	34.0	16.0	37.0
55	28.823709794532157	31.0	28.0	34.0	15.0	37.0
56	28.799020780154247	31.0	28.0	35.0	12.0	37.0
57	28.528733811550037	31.0	28.0	34.0	10.0	37.0
58	28.344491933140134	31.0	28.0	34.0	8.0	37.0
59	28.155923505889522	31.0	28.0	34.0	5.0	37.0
60	27.982881263215003	31.0	27.0	34.0	2.0	37.0
61	27.79102079713463	31.0	27.0	34.0	2.0	37.0
62	27.54350271078679	31.0	27.0	34.0	2.0	37.0
63	27.314609994457385	31.0	26.0	34.0	2.0	37.0
64	27.081640449273994	31.0	26.0	34.0	2.0	37.0
65	26.660376937777183	30.0	25.0	34.0	2.0	37.0
66	26.757955102736464	31.0	26.0	34.0	2.0	37.0
67	26.395195194657386	31.0	25.0	34.0	2.0	37.0
68	26.185875289668385	30.0	24.0	34.0	2.0	37.0
69	25.948270132752224	30.0	24.0	33.0	2.0	37.0
70	25.621586753451908	30.0	23.0	33.0	2.0	37.0
71	25.467119779818365	31.0	23.0	33.0	2.0	37.0
72	25.121676569292898	30.0	22.0	33.0	2.0	37.0
73	24.755911918103873	30.0	21.0	33.0	2.0	36.0
74	24.550221437586966	30.0	20.0	33.0	2.0	36.0
75	24.289385456789528	30.0	19.0	33.0	2.0	36.0
76	24.329452862281997	30.0	18.0	33.0	2.0	36.0
77	23.987027384418223	30.0	16.0	33.0	2.0	36.0
78	23.67554088521109	29.0	15.0	33.0	2.0	36.0
79	23.370777612163756	29.0	12.0	33.0	2.0	36.0
80	23.04155060225808	29.0	7.0	32.0	2.0	36.0
81	22.847257497146416	29.0	2.0	33.0	2.0	36.0
82	22.406880893891646	29.0	2.0	33.0	2.0	36.0
83	21.935000913193125	28.0	2.0	32.0	2.0	36.0
84	21.538802162350226	28.0	2.0	32.0	2.0	36.0
85	21.028848766319257	28.0	2.0	32.0	2.0	35.0
86	20.638424473721678	28.0	2.0	32.0	2.0	35.0
87	20.080733159485593	27.0	2.0	31.0	2.0	35.0
88	19.49495641132049	26.0	2.0	31.0	2.0	34.0
89	19.014131294652483	25.0	2.0	30.0	2.0	34.0
90	18.48793679122718	25.0	2.0	30.0	2.0	34.0
>>END_MODULE
>>Per sequence quality scores	pass
#Quality	Count
2	620579.0
3	106995.0
4	155168.0
5	159795.0
6	213044.0
7	246857.0
8	305395.0
9	374489.0
10	406938.0
11	488186.0
12	554218.0
13	633957.0
14	700655.0
15	786960.0
16	892982.0
17	1011018.0
18	1183475.0
19	1342026.0
20	1534465.0
21	1695360.0
22	1874704.0
23	2059120.0
24	2259139.0
25	2534804.0
26	2888506.0
27	3483075.0
28	4384630.0
29	5840326.0
30	8445526.0
31	1.3857773E7
32	2.0986252E7
33	8316455.0
34	114444.0
35	1.0
>>END_MODULE
>>Per base sequence content	pass
#Base	G	A	T	C
1	20.739717495711265	32.298015206442614	25.759761369000145	21.202505928845977
2	22.870941440812356	30.390898063005782	26.663275896188697	20.074884599993165
3	22.59097625015785	27.899427969989425	28.086020946210468	21.42357483364226
4	22.07288991337207	27.51997386789617	28.189743898771617	22.21739231996014
5	22.196693054692304	28.282735823349704	27.9108631975012	21.609707924456792
6	22.70327230687154	27.87656083144717	26.491774015362406	22.928392846318886
7	22.48135106638195	27.732501727859116	27.774615512861168	22.01153169289777
8	21.54022985227386	28.053988158857283	27.90053788573013	22.505244103138722
9	21.777940860218084	27.550118471897633	28.140131549557236	22.531809118327047
10	22.078291355910988	27.929229870923542	27.674860177424893	22.317618595740573
11	21.7728633273525	27.923863804185128	27.854156894792716	22.44911597366966
12	21.852121702880044	27.696832971510748	27.903199914717792	22.547845410891416
13	21.74147835934599	27.807226473453774	28.015734758084854	22.435560409115386
14	21.780920165916484	27.797759024844833	28.14503330891408	22.276287500324603
15	21.85866622597263	27.771038135035553	27.907175270299028	22.463120368692785
16	21.915921959082645	27.683851158220847	27.83186350751482	22.56836337518169
17	21.94077788090929	27.766158485554023	27.86860459281586	22.42445904072083
18	22.011749475169598	27.488903965612867	27.770089621384635	22.7292569378329
19	22.142331504260735	27.547634427406244	27.765860002237297	22.544174066095728
20	22.076005194803646	27.621639496559464	27.746142415433344	22.556212893203544
21	22.87995453148362	28.889182065835538	26.235910799786378	21.994952602894468
22	22.307315393844814	27.456205671012775	27.606377049631043	22.630101885511372
23	22.18913811029792	27.454539691907954	27.615821282870908	22.740500914923224
24	22.255033277186413	27.337222482510732	27.63584840792923	22.771895832373627
25	22.29284337495882	27.417364147557016	27.488164390283654	22.801628087200505
26	22.3363202337739	27.391407153939795	27.61089851913251	22.661374093153793
27	22.370958669932694	27.29210285995991	27.551751286189486	22.785187183917913
28	22.378453917663734	27.361933584654075	27.40113439358366	22.858478104098534
29	22.37581731503268	27.354580945618807	27.443712485967275	22.825889253381238
30	22.569803833558318	27.249452910481526	27.38518764601431	22.79555560994585
31	22.473527487002517	27.445779759309026	27.347588697551135	22.733104056137325
32	22.468612461720483	27.30337226340684	27.483334488021573	22.744680786851106
33	22.511093270652722	27.222447908774477	27.323913443066196	22.942545377506608
34	22.53398030808276	27.297575054099827	27.394720318755418	22.773724319061994
35	22.56575993736361	27.32748860990427	27.307803082419525	22.798948370312598
36	22.665693257296144	27.183417345884802	27.261184410322496	22.889704986496557
37	22.5969492329736	27.303806722456734	27.239600750042143	22.85964329452752
38	22.604063500025934	27.214017926248758	27.337027459106157	22.84489111461915
39	22.684753864889235	27.11173514069265	27.20367211046702	22.999838883951096
40	22.750964822746347	27.179766574698032	27.196702744430024	22.872565858125597
41	22.75631455964372	27.19616323679591	27.19669829964103	22.85082390391934
42	22.74298143572748	27.159759469043294	27.134520870090334	22.962738225138892
43	22.738249068393	27.202517606480125	27.14052914012927	22.91870418499761
44	22.812321453788822	27.125500437924295	27.16928181233731	22.892896295949576
45	22.807581221565606	27.101044306372867	27.087375863914275	23.003998608147246
46	22.86443462366396	27.105641580250612	27.070170157580897	22.959753638504534
47	22.828180619559863	27.081325950435286	27.090340414072543	23.000153015932305
48	22.91920992838522	26.987371824280103	27.048936874178253	23.044481373156426
49	22.853124855928833	27.059543003218682	27.072814410687705	23.01451773016478
50	22.87396395257703	27.060608514422075	27.02760894402348	23.037818588977423
51	22.937375849659187	26.946563741900736	27.044100102717277	23.071960305722797
52	22.901469860829028	26.994629987252907	27.0925775867688	23.011322565149268
53	22.952319890734625	26.9900407614526	27.05941960486588	22.998219742946898
54	22.93451720678912	26.913270728680892	27.05167136620792	23.10054069832207
55	22.974361047252113	27.035283816663537	26.947494382434783	23.042860753649567
56	23.035054115936116	26.957854031667505	26.969886244564815	23.037205607831563
57	23.080287981581165	26.888199639947292	26.905170012341493	23.126342366130046
58	23.064499713888775	26.950719932794957	26.89401180897754	23.090768544338726
59	23.019910176055966	26.985447305848826	26.913493869552635	23.081148648542577
60	23.05685567609423	26.906484728220114	26.85254240421492	23.184117191470737
61	23.07800172350766	26.975407909048045	26.81392193693745	23.132668430506847
62	23.134345793191265	26.87793436703539	26.847716316434887	23.140003523338457
63	23.13368141836628	26.85514401765234	26.79318361990022	23.217990944081162
64	23.188175164436576	26.859780861511396	26.76787707777149	23.18416689628054
65	23.17114095072851	26.832607368332827	26.832819662509756	23.163432018428903
66	23.24500507722113	26.771361712962722	26.71588026241177	23.26775294740438
67	23.190267725523363	26.81463361066216	26.744913554749438	23.25018510906504
68	23.195525829492297	26.846669369925046	26.710756446717305	23.247048353865353
69	23.258989444109883	26.717885956377142	26.683168373212755	23.339956226300217
70	23.287816039097212	26.778963341328442	26.622198459669544	23.3110221599048
71	23.296654207239946	26.781710938948688	26.6008990826461	23.32073577116526
72	23.326578371265846	26.71870184598808	26.537814291807482	23.41690549093859
73	23.328304662708156	26.769076045440563	26.514826712234367	23.38779257961691
74	23.350807773601137	26.742551294079792	26.5166721308847	23.38996880143437
75	23.44008296114966	26.661394335685912	26.437264246248493	23.46125845691594
76	23.300805320460526	26.741390095551203	26.470359504679035	23.487445079309236
77	23.353341994244666	26.728847169687832	26.455609044013663	23.462201792053847
78	23.417375121691208	26.640821247774483	26.388462999912043	23.553340630622262
79	23.425601747014525	26.694033576883886	26.35969245375725	23.520672222344345
80	23.422923730568716	26.691571939914816	26.347011237836583	23.53849309167989
81	23.463385534668387	26.6245705635776	26.26343706151044	23.64860684024357
82	23.44563213159621	26.67949187453035	26.2313758609663	23.643500132907146
83	23.446397009621972	26.6532587040742	26.2322917023408	23.668052583963032
84	23.484113284913374	26.572694938672825	26.14653734209561	23.79665443431819
85	23.48641432534741	26.645305804822183	26.08005613984869	23.788223729981713
86	23.49985829014379	26.613776617257862	26.098056232580586	23.78830886001776
87	23.538864755866776	26.550271102865352	26.040498113478595	23.870366027789284
88	23.54038725813394	26.58128484507053	25.983727305001864	23.89460059179367
89	23.54979766019883	26.570826725361364	25.958953997126706	23.920421617313107
90	23.57727201064128	26.500421835466053	25.875800377757756	24.046505776134907
>>END_MODULE
>>Per sequence GC content	pass
#GC Content	Count
0	93.0
1	144.0
2	263.5
3	395.0
4	561.5
5	770.0
6	1033.0
7	1399.5
8	1897.5
9	2624.5
10	3062.0
11	3776.5
12	5563.5
13	8304.5
14	13019.5
15	21555.0
16	36008.5
17	59745.5
18	96825.0
19	148915.0
20	178698.0
21	219363.0
22	313993.0
23	434471.5
24	576288.5
25	738362.5
26	921060.5
27	1118433.5
28	1324686.5
29	1536430.5
30	1643367.0
31	1748559.0
32	1957779.0
33	2159055.5
34	2351088.0
35	2530527.0
36	2690507.0
37	2833311.0
38	2954210.0
39	3047349.0
40	3087068.0
41	3112257.5
42	3149154.5
43	3162733.0
44	3160806.0
45	3146328.0
46	3113573.5
47	3066942.5
48	3012480.5
49	2949636.5
50	2916698.0
51	2881181.0
52	2803686.5
53	2715969.0
54	2622572.5
55	2526221.0
56	2416666.0
57	2287353.5
58	2141032.5
59	1973690.0
60	1884216.0
61	1786163.5
62	1587373.5
63	1385317.5
64	1184843.0
65	993237.5
66	816299.5
67	657151.0
68	517821.5
69	398918.0
70	344684.0
71	300188.5
72	221172.5
73	159881.5
74	113483.5
75	79188.5
76	53882.5
77	35732.5
78	23454.5
79	15359.0
80	12030.0
81	9955.5
82	6352.5
83	3966.5
84	2563.5
85	1626.5
86	996.5
87	651.5
88	416.0
89	240.0
90	193.0
91	166.5
92	118.0
93	75.5
94	47.0
95	29.0
96	16.5
97	9.0
98	6.5
99	5.0
100	1.0
>>END_MODULE
>>Per base N content	pass
#Base	N-Count
1	0.0
2	0.0
3	0.0
4	0.0
5	0.0
6	0.0
7	0.0
8	0.0
9	0.0
10	0.0
11	0.0
12	0.0
13	0.0
14	0.0
15	0.0
16	0.0
17	0.0
18	0.0
19	0.0
20	0.0
21	0.0
22	0.0
23	0.0
24	0.0
25	0.0
26	0.0
27	0.0
28	0.0
29	0.0
30	0.0
31	0.0
32	0.0
33	0.0
34	0.0
35	0.0
36	0.0
37	0.0
38	0.001009315808029106
39	8.611796434333775E-4
40	3.095382543791344E-5
41	7.21887428962767E-4
42	0.005078638359349084
43	0.009101530172512192
44	0.0011530299975622757
45	0.008947866539088264
46	0.004666289184765451
47	0.0029671452669771314
48	1.6582406484596488E-4
49	0.007989403444278587
50	0.011812200885860897
51	0.011079258519241733
52	0.01892826425528407
53	0.016317087980842943
54	0.01557861814539558
55	0.011291513322244567
56	0.0093436333071873
57	0.006146545336957098
58	0.012958597920829335
59	0.004836535224673975
60	0.01594232559429106
61	0.01018491406283916
62	0.0162352814421856
63	0.011978024950706863
64	0.02128738795115933
65	0.01854686890613835
66	0.019988432776532606
67	0.02519862489399282
68	0.014790401090494426
69	0.02099774858456171
70	0.02207671049982612
71	0.0162352814421856
72	0.023852133487443587
73	0.03005616450021395
74	0.022626140901349085
75	0.019761806554576454
76	0.024473420983733136
77	0.025035011816678138
78	0.028255315155986775
79	0.021164678143173316
80	0.023859871943803065
81	0.021023174941171424
82	0.020160889803972407
83	0.029269052939078437
84	0.018866356604408243
85	0.01929971016053903
86	0.017110832504572297
87	0.01972753624784162
88	0.01619106169156001
89	0.01565600270899036
90	0.023859871943803065
>>END_MODULE
>>Sequence Length Distribution	pass
#Length	Count
90	9.0457317E7
>>END_MODULE
>>Sequence Duplication Levels	pass
#Total Deduplicated Percentage	91.35489749676185
#Duplication Level	Percentage of deduplicated	Percentage of total
1	93.78515338719949	85.67733074405697
2	4.786676524768143	8.745726865406999
3	0.8239386079745812	2.2581248122542754
4	0.251505090233341	0.9190488695272283
5	0.12237924347011163	0.5589971621471655
6	0.07077546058294498	0.38794109681046285
7	0.0476845724829305	0.3049353461948519
8	0.03186248526342763	0.23286352601860133
9	0.026141599304874703	0.21493468124084247
>10	0.05380256899499203	0.6265804333215883
>50	1.4210956593953658E-5	0.0010515747912069704
>100	5.955324379870395E-5	0.013175967573215642
>500	2.1065570167502084E-6	0.001649247653882089
>1k	3.1807629856907083E-6	0.006716278840614698
>5k	0.0	0.0
>10k+	1.4082048316404816E-6	0.05092339416210072
>>END_MODULE
>>Overrepresented sequences	pass
>>END_MODULE
>>Adapter Content	pass
#Position	Illumina Universal Adapter	Illumina Small RNA 3' Adapter	Illumina Small RNA 5' Adapter	Nextera Transposase Sequence	SOLID Small RNA Adapter
1	0.08793760708158081	2.2109875312795317E-6	0.0	7.73845635947836E-6	2.2109875312795317E-6
2	0.08809127071500474	4.4219750625590635E-6	0.0	2.2109875312795317E-5	3.3164812969192974E-6
3	0.08811448608408318	6.632962593838595E-6	0.0	3.205931920355321E-5	3.3164812969192974E-6
4	0.08811890805914573	1.326592518767719E-5	0.0	3.758678803175204E-5	3.3164812969192974E-6
5	0.088148756390818	1.879339401587602E-5	0.0	5.085271321942922E-5	3.3164812969192974E-6
6	0.08817307725366208	2.2109875312795317E-5	0.0	5.8591169578907586E-5	5.527468828198829E-6
7	0.08822171897935023	2.321536907843508E-5	1.1054937656397659E-6	6.411863840710642E-5	5.527468828198829E-6
8	0.0882736771863353	2.653185037535438E-5	1.1054937656397659E-6	7.296258853222454E-5	7.73845635947836E-6
9	0.08840301995691514	2.653185037535438E-5	1.1054937656397659E-6	8.40175261886222E-5	1.1054937656397658E-5
10	0.088532362727495	2.9848331672273677E-5	1.1054937656397659E-6	9.175598254810056E-5	1.547691271895672E-5
11	0.08872914061777888	3.205931920355321E-5	1.1054937656397659E-6	9.949443890757892E-5	1.7687900250236254E-5
12	0.08888943721379665	3.648129426611227E-5	2.2109875312795317E-6	1.160768453921754E-4	1.7687900250236254E-5
13	0.08908289862278361	3.758678803175204E-5	2.2109875312795317E-6	1.2713178304857306E-4	1.7687900250236254E-5
14	0.08925646114398905	4.0903269328671335E-5	2.2109875312795317E-6	1.3487023940805142E-4	2.2109875312795317E-5
15	0.089477559897117	4.20087630943111E-5	2.2109875312795317E-6	1.4150320200189003E-4	2.2109875312795317E-5
16	0.08970639710660443	4.5325244391230395E-5	2.2109875312795317E-6	1.4703067083008886E-4	2.542635660971461E-5
17	0.08996287166023285	4.5325244391230395E-5	2.2109875312795317E-6	1.5808560848648651E-4	2.653185037535438E-5
18	0.09021050226373617	4.974721945378946E-5	2.2109875312795317E-6	1.6029659601776602E-4	2.7637344140994144E-5
19	0.09047582076748971	5.085271321942922E-5	2.2109875312795317E-6	1.7024603990852392E-4	3.205931920355321E-5
20	0.0910761038822321	5.416919451634852E-5	2.2109875312795317E-6	1.8351196509620111E-4	3.427030673483274E-5
21	0.09129830812912569	5.527468828198829E-5	2.2109875312795317E-6	1.9346140898695902E-4	3.427030673483274E-5
22	0.09159789693961408	5.748567581326782E-5	2.2109875312795317E-6	2.0562184040899642E-4	3.648129426611227E-5
23	0.09192070111918088	5.9696663344547354E-5	2.2109875312795317E-6	2.133602967684748E-4	3.758678803175204E-5
24	0.09217938666034059	5.9696663344547354E-5	2.2109875312795317E-6	2.1778227183103386E-4	4.0903269328671335E-5
25	0.09238390300698394	5.9696663344547354E-5	2.2109875312795317E-6	2.2773171572179176E-4	4.3114256859950865E-5
26	0.09257073145337706	6.0802157110187116E-5	2.2109875312795317E-6	2.3657566584690988E-4	4.3114256859950865E-5
27	0.09278519724391118	6.0802157110187116E-5	2.2109875312795317E-6	2.4320862844074846E-4	4.3114256859950865E-5
28	0.09298529161549197	6.411863840710642E-5	2.2109875312795317E-6	2.5094708480022685E-4	4.5325244391230395E-5
29	0.09323071123146401	6.522413217274617E-5	2.2109875312795317E-6	2.5979103492534494E-4	4.864172568814969E-5
30	0.09349492424145191	6.964610723530525E-5	2.2109875312795317E-6	2.7195146634738235E-4	5.306370075070876E-5
31	0.09398244699209905	7.185709476658477E-5	2.2109875312795317E-6	2.807954164725005E-4	5.416919451634852E-5
32	0.09487126397967342	7.517357606350408E-5	2.2109875312795317E-6	2.8963936659761865E-4	5.527468828198829E-5
33	0.09640679482014705	7.849005736042337E-5	2.2109875312795317E-6	2.97377822957097E-4	5.6380182047628056E-5
34	0.10563545677570782	7.959555112606313E-5	2.2109875312795317E-6	3.1174924191041396E-4	5.8591169578907586E-5
35	0.16289782284831641	8.40175261886222E-5	2.2109875312795317E-6	3.1838220450425254E-4	6.0802157110187116E-5
36	0.16339308405532302	8.954499501682102E-5	2.2109875312795317E-6	3.294371421606502E-4	6.190765087582688E-5
37	0.1635644355889972	9.507246384501986E-5	2.2109875312795317E-6	3.3828109228576834E-4	6.301314464146665E-5
38	0.16371809922242112	1.0059993267321869E-4	2.2109875312795317E-6	3.427030673483274E-4	6.743511970402571E-5
39	0.1638706573620794	1.0723289526705729E-4	2.2109875312795317E-6	3.548634987703648E-4	6.854061346966548E-5
40	0.1640320594518628	1.0833838903269704E-4	3.3164812969192974E-6	3.6260195512984316E-4	7.075160100094502E-5
41	0.16421225493566208	1.1165487032961634E-4	3.3164812969192974E-6	3.714459052549613E-4	7.075160100094502E-5
42	0.16438581745686753	1.1939332668909471E-4	3.3164812969192974E-6	3.813953491457192E-4	7.517357606350408E-5
43	0.16459586127233908	1.260262892829333E-4	3.3164812969192974E-6	3.913447930364771E-4	7.627906982914384E-5
44	0.16493303687085922	1.293427705798526E-4	3.3164812969192974E-6	4.0129423692723495E-4	7.627906982914384E-5
45	0.16522930920005066	1.3708122693933096E-4	3.3164812969192974E-6	4.20087630943111E-4	7.627906982914384E-5
46	0.16566155726241583	1.4150320200189003E-4	3.3164812969192974E-6	4.256150997713098E-4	7.73845635947836E-5
47	0.16588707799060634	1.4260869576752979E-4	3.3164812969192974E-6	4.3114256859950865E-4	8.180653865734267E-5
48	0.16608496137465584	1.5034715212700815E-4	3.3164812969192974E-6	4.355645436620677E-4	8.512301995426196E-5
49	0.16632485352179968	1.5587462095520698E-4	3.3164812969192974E-6	4.466194813184654E-4	8.622851371990173E-5
50	0.16658022258166247	1.6250758354904556E-4	3.3164812969192974E-6	4.554634314435835E-4	8.622851371990173E-5
51	0.16685327954177548	1.6914054614288417E-4	3.3164812969192974E-6	4.665183690999812E-4	8.73340074855415E-5
52	0.16708543323255984	1.74668014971083E-4	3.3164812969192974E-6	4.742568254594595E-4	8.73340074855415E-5
53	0.1673374858111257	1.8019548379928182E-4	3.3164812969192974E-6	4.8531176311585717E-4	9.175598254810056E-5
54	0.1675652175268475	1.846174588618409E-4	3.3164812969192974E-6	4.941557132409753E-4	9.39669700793801E-5
55	0.16784269646202307	1.8903943392439994E-4	3.3164812969192974E-6	5.041051571317332E-4	9.507246384501986E-5
56	0.16811906990343303	1.9346140898695902E-4	3.3164812969192974E-6	5.085271321942922E-4	9.838894514193915E-5
57	0.1683578565568112	2.034108528777169E-4	3.3164812969192974E-6	5.206875636163296E-4	1.0170542643885844E-4
58	0.16860880364161143	2.067273341746362E-4	3.3164812969192974E-6	5.306370075070875E-4	1.0281092020449821E-4
59	0.16886306720770858	2.1888776559667362E-4	4.4219750625590635E-6	5.361644763352864E-4	1.0502190773577775E-4
60	0.16909743188602422	2.2773171572179176E-4	4.4219750625590635E-6	5.450084264604046E-4	1.0723289526705729E-4
61	0.16934616798329316	2.354701720812701E-4	4.4219750625590635E-6	5.582743516480817E-4	1.0833838903269704E-4
62	0.16964686228754716	2.3657566584690988E-4	4.4219750625590635E-6	5.682237955388396E-4	1.1054937656397658E-4
63	0.1699586115294576	2.4763060350330753E-4	4.4219750625590635E-6	5.792787331952373E-4	1.1054937656397658E-4
64	0.17025267287111776	2.520525785658666E-4	4.4219750625590635E-6	5.837007082577963E-4	1.1054937656397658E-4
65	0.17055226168160614	2.5758004739406544E-4	4.4219750625590635E-6	5.903336708516349E-4	1.1054937656397658E-4
66	0.17087838234246988	2.620020224566245E-4	4.4219750625590635E-6	5.94755645914194E-4	1.1165487032961634E-4
67	0.17120450300333362	2.664239975191835E-4	4.4219750625590635E-6	6.058105835705916E-4	1.1276036409525611E-4
68	0.17159584779637008	2.7305696011302216E-4	4.4219750625590635E-6	6.113380523987905E-4	1.1276036409525611E-4
69	0.17196839919539067	2.763734414099414E-4	4.4219750625590635E-6	6.168655212269893E-4	1.1386585786089588E-4
70	0.17232326269416104	2.7968992270686074E-4	4.4219750625590635E-6	6.323424339459461E-4	1.1828783292345494E-4
71	0.1727112910059006	2.8300640400378006E-4	4.4219750625590635E-6	6.400808903054243E-4	1.1828783292345494E-4
72	0.17303962265429562	2.863228853006993E-4	4.4219750625590635E-6	6.456083591336232E-4	1.22709807986014E-4
73	0.1734309674473321	2.929558478945379E-4	4.4219750625590635E-6	6.544523092587414E-4	1.22709807986014E-4
74	0.1737847254523368	3.006943042540163E-4	5.527468828198829E-6	6.644017531494993E-4	1.2381530175165377E-4
75	0.17415064388876358	3.029052917852958E-4	6.632962593838595E-6	6.743511970402572E-4	1.2381530175165377E-4
76	0.17454972713815953	3.1396022944169346E-4	6.632962593838595E-6	6.798786658684559E-4	1.2713178304857306E-4
77	0.1749377554498991	3.194876982698923E-4	6.632962593838595E-6	6.953555785874127E-4	1.2713178304857306E-4
78	0.17535563209331093	3.2612066086373093E-4	6.632962593838595E-6	6.964610723530525E-4	1.293427705798526E-4
79	0.17575471534270687	3.3385911722320926E-4	7.73845635947836E-6	7.064105162438104E-4	1.3044826434549235E-4
>>END_MODULE
