##FastQC	0.11.8
>>Basic Statistics	pass
#Measure	Value
Filename	HG00239.mapped.ILLUMINA.bwa.GBR.exome.20120522.bam
File type	Conventional base calls
Encoding	Sanger / Illumina 1.9
Total Sequences	235723778
Sequences flagged as poor quality	0
Sequence length	76
%GC	44
>>END_MODULE
>>Per base sequence quality	fail
#Base	Mean	Median	Lower Quartile	Upper Quartile	10th Percentile	90th Percentile
1	27.783112283224987	28.0	28.0	31.0	26.0	33.0
2	29.446299257090644	30.0	28.0	34.0	26.0	36.0
3	30.043156104514836	31.0	29.0	35.0	25.0	37.0
4	30.638604002011203	32.0	29.0	36.0	25.0	37.0
5	31.001805418204352	32.0	30.0	36.0	26.0	38.0
6	31.268012491298183	33.0	30.0	37.0	26.0	38.0
7	31.321705008478187	33.0	30.0	37.0	26.0	38.0
8	31.387318669226488	33.0	31.0	37.0	25.0	38.0
9	31.287511996350236	33.0	31.0	37.0	24.0	38.0
10	31.39259104357304	33.0	31.0	37.0	24.0	39.0
11	31.548609567932516	33.0	31.0	37.0	25.0	39.0
12	31.531420640135845	33.0	31.0	37.0	24.0	39.0
13	31.443920311679374	33.0	31.0	37.0	22.0	39.0
14	31.58722832365261	33.0	31.0	38.0	23.0	39.0
15	31.576053727596374	34.0	31.0	38.0	22.0	39.0
16	31.55909763587787	34.0	31.0	38.0	22.0	39.0
17	31.487005553593324	34.0	31.0	38.0	21.0	39.0
18	31.414091797731157	34.0	31.0	38.0	20.0	39.0
19	31.41739903727489	34.0	31.0	38.0	20.0	39.0
20	31.44533990966325	34.0	31.0	38.0	20.0	39.0
21	31.43318107687889	34.0	31.0	38.0	19.0	40.0
22	31.463589850490177	34.0	31.0	38.0	19.0	40.0
23	31.3742112897919	34.0	31.0	38.0	18.0	40.0
24	31.30104131030854	34.0	31.0	38.0	16.0	40.0
25	31.297397795821855	34.0	31.0	38.0	15.0	40.0
26	31.347208909913196	34.0	31.0	38.0	14.0	40.0
27	31.170975539005656	34.0	31.0	38.0	12.0	40.0
28	31.096755220001608	34.0	31.0	38.0	10.0	40.0
29	31.008195626323282	34.0	31.0	38.0	8.0	40.0
30	30.999895072104266	34.0	31.0	38.0	2.0	40.0
31	30.919754446664264	34.0	31.0	38.0	2.0	40.0
32	30.760526814566838	34.0	31.0	38.0	2.0	40.0
33	30.643789664698144	34.0	31.0	38.0	2.0	40.0
34	30.52578661792872	34.0	31.0	37.0	2.0	40.0
35	30.49412886128102	34.0	31.0	37.0	2.0	40.0
36	30.3998290914886	34.0	31.0	37.0	2.0	40.0
37	30.241331483326217	34.0	30.0	37.0	2.0	40.0
38	30.151010900563456	34.0	30.0	37.0	2.0	40.0
39	29.95456870710769	34.0	30.0	37.0	2.0	39.0
40	29.8345487785284	33.0	30.0	37.0	2.0	40.0
41	29.808131914464735	34.0	30.0	37.0	2.0	40.0
42	29.612816896223343	33.0	30.0	37.0	2.0	40.0
43	29.46468150955904	33.0	30.0	37.0	2.0	40.0
44	29.308267768387793	33.0	29.0	37.0	2.0	39.0
45	29.11018290653733	33.0	29.0	37.0	2.0	39.0
46	29.097165407725647	33.0	29.0	37.0	2.0	39.0
47	28.844291406189832	33.0	29.0	37.0	2.0	39.0
48	28.630209324915878	33.0	28.0	37.0	2.0	39.0
49	28.493212975739766	33.0	28.0	37.0	2.0	39.0
50	28.30188321943491	33.0	28.0	36.0	2.0	39.0
51	28.5035319177686	33.0	29.0	37.0	2.0	39.0
52	28.25757161417971	33.0	28.0	37.0	2.0	39.0
53	28.02415827562377	33.0	27.0	36.0	2.0	39.0
54	27.819546622063726	33.0	27.0	36.0	2.0	39.0
55	27.65449346819819	33.0	27.0	36.0	2.0	39.0
56	27.66586463755048	33.0	26.0	37.0	2.0	39.0
57	27.328819840143577	33.0	25.0	36.0	2.0	39.0
58	27.01816623268273	33.0	24.0	36.0	2.0	39.0
59	26.823435283647964	33.0	23.0	36.0	2.0	39.0
60	26.55828403530848	33.0	22.0	36.0	2.0	39.0
61	26.3700409637928	33.0	19.0	36.0	2.0	39.0
62	25.95177157732471	33.0	15.0	36.0	2.0	39.0
63	25.608234592269262	32.0	13.0	35.0	2.0	39.0
64	25.20942521547402	32.0	6.0	35.0	2.0	38.0
65	24.992286569410066	32.0	2.0	35.0	2.0	38.0
66	24.699206522135412	32.0	2.0	35.0	2.0	38.0
67	24.17614637501695	32.0	2.0	35.0	2.0	38.0
68	23.616414713156345	31.0	2.0	35.0	2.0	38.0
69	23.0659838100847	31.0	2.0	34.0	2.0	37.0
70	22.25427491663569	30.0	2.0	33.0	2.0	37.0
71	21.388264415989465	30.0	2.0	33.0	2.0	36.0
72	20.631285775506278	29.0	2.0	32.0	2.0	35.0
73	20.062927228325687	29.0	2.0	32.0	2.0	34.0
74	19.471940891766973	28.0	2.0	31.0	2.0	34.0
75	18.83451107338013	27.0	2.0	31.0	2.0	33.0
76	17.055958321692945	24.0	2.0	29.0	2.0	32.0
>>END_MODULE
>>Per sequence quality scores	pass
#Quality	Count
1	48874.0
2	1.2949674E7
3	1309145.0
4	947097.0
5	1325962.0
6	982666.0
7	1131407.0
8	995987.0
9	1172494.0
10	1177551.0
11	1344967.0
12	1446736.0
13	1553821.0
14	1697897.0
15	1777391.0
16	1910248.0
17	2003818.0
18	2160186.0
19	2326934.0
20	2533677.0
21	2818139.0
22	3110621.0
23	3483414.0
24	3839405.0
25	4297134.0
26	4765418.0
27	5384290.0
28	6130144.0
29	7164493.0
30	8638605.0
31	1.094482E7
32	1.5020311E7
33	2.3775099E7
34	4.595075E7
35	4.3239581E7
36	6295812.0
37	69193.0
38	17.0
>>END_MODULE
>>Per base sequence content	pass
#Base	G	A	T	C
1	19.726289979961205	29.897487473665045	28.840023512604656	21.536199033769094
2	22.231675329758204	29.87053686200465	27.34882477575088	20.54896303248627
3	22.27137051909969	28.324991040997144	27.781126094118513	21.62251234578465
4	22.460854161263274	27.774699928659725	27.898730691479074	21.86571521859793
5	22.36309482533408	27.765521813416715	28.31609970208436	21.55528365916484
6	22.341686717748093	27.815860392327497	27.58105590858127	22.261396981343136
7	22.387502630303167	27.87808449260473	28.01400756439599	21.720405312696116
8	21.80810075087122	27.91912659740249	28.305956049966248	21.966816601760048
9	21.768254537308493	27.702082731764122	28.490317595367916	22.03934513555947
10	21.846320484478234	27.89334812035806	28.222573710828613	22.037757684335094
11	21.820969626577085	27.838373182700305	28.32016123549488	22.020495955227734
12	21.734541773719577	27.75505829539182	28.308997321432717	22.201402609455887
13	21.705319435360483	27.813346432959342	28.456363871785562	22.024970259894612
14	21.761861885651605	27.73782329248091	28.41291683353217	22.087397988335315
15	21.80237667835105	27.694772056470264	28.29625316797697	22.20659809720172
16	21.8625666181203	27.6290803382593	28.31993512338836	22.18841792023204
17	21.931590202156016	27.589422056522444	28.288621354100307	22.190366387221232
18	21.888943252894922	27.497893318170046	28.26300620381199	22.350157225123045
19	21.9061413482012	27.517500164960023	28.241959111990816	22.334399374847962
20	21.937794921987038	27.487204536489312	28.223577427984374	22.35142311353927
21	21.998484174982128	27.475124295691543	28.140895060658664	22.38549646866766
22	22.00560649422478	27.49271607211386	28.11278037466377	22.388897058997586
23	22.026738855339406	27.498428690549837	28.104692094320665	22.370140359790092
24	22.08078176992395	27.45775354067166	27.981768983865514	22.47969570553888
25	22.05262720674704	27.544210665077667	28.02263291402024	22.38052921415505
26	22.14152786911467	27.515859685568078	27.97061737233823	22.37199507297902
27	22.164448340039755	27.46352639910599	27.886524455755158	22.485500805099093
28	22.151587100390017	27.58284401839173	27.8602823004135	22.40528658080476
29	22.19586731721227	27.52745503680159	27.886715781383753	22.38996186460239
30	22.238478207319414	27.408615095249324	27.881518172511218	22.471388524920044
31	22.28411891480884	27.46405625655635	27.83280183130274	22.41902299733207
32	22.29659283672265	27.484863661060103	27.787022826352292	22.431520675864952
33	22.311588778286083	27.475428465260727	27.730837573797924	22.48214518265527
34	22.309336565953053	27.52290564424943	27.736064454218955	22.431693335578558
35	22.36291240843764	27.43607392886771	27.746014659581775	22.45499900311287
36	22.3531743157451	27.419449386221867	27.694309226623716	22.53306707140932
37	22.36036037434835	27.474616365788012	27.690146482973603	22.474876776890028
38	22.381656173413784	27.444407819520293	27.701017593114628	22.472918413951295
39	22.40616040221447	27.398760205640084	27.665191378763566	22.52988801338188
40	22.43476614425247	27.42082754353315	27.643999064680774	22.500407247533605
41	22.45432487362701	27.471748873365076	27.600835743817083	22.473090509190833
42	22.476620766695948	27.407913798979237	27.556526226356432	22.558939207968383
43	22.474823960606294	27.40105528393684	27.616706028350407	22.507414727106454
44	22.47149504088189	27.383222523816475	27.604989497229443	22.54029293807219
45	22.50177249057709	27.34099986947572	27.555530517055693	22.601697122891505
46	22.51494963546244	27.420796469656654	27.51773285233169	22.546521042549212
47	22.563462935519773	27.413121054649242	27.49367693070764	22.52973907912334
48	22.55096906986579	27.331363908193968	27.493568224740166	22.62409879720008
49	22.53602337436841	27.382940267176494	27.462664338882963	22.61837201957214
50	22.5750388055368	27.40015713937089	27.45211521682037	22.57268883827194
51	22.530856857385004	27.361981276237646	27.492295664801368	22.614866201575982
52	22.555934924381138	27.394929481251403	27.466166780270267	22.582968814097192
53	22.538940414547355	27.370600903564675	27.514043385399905	22.57641529648807
54	22.57551701896614	27.303973709937836	27.474857926014696	22.645651345081337
55	22.61485633554622	27.352044720400105	27.433204520060343	22.599894423993323
56	22.58392861983392	27.35664579382731	27.429023891081076	22.63040169525769
57	22.629403398875393	27.35228929423971	27.40318467241178	22.61512263447312
58	22.58542971182524	27.39383134818291	27.40638838101041	22.61435055898144
59	22.614445524701612	27.366961832299452	27.38413138710536	22.634461255893576
60	22.6100517431726	27.32510863627306	27.32817046540189	22.736669155152452
61	22.627253134033555	27.3686137853967	27.30007248960435	22.704060590965394
62	22.600232892538557	27.341037782468057	27.342628484593924	22.71610084039946
63	22.62262615670801	27.317314370561242	27.324002898158273	22.736056574572476
64	22.64626771877645	27.386474802865646	27.270627226325328	22.69663025203258
65	22.72759974575407	27.331116100451364	27.230105426784938	22.711178727009628
66	22.71867058964704	27.31631464801403	27.186768258747897	22.77824650359104
67	22.722974172818013	27.32630845829996	27.17481921482531	22.775898154056723
68	22.679132233223353	27.328402530251317	27.180502880366603	22.81196235615873
69	22.740177932879416	27.288586584914793	27.119296572476575	22.85193890972922
70	22.77886123313962	27.330307381979168	27.07585949970016	22.814971885181055
71	22.91092152548375	27.307455799992375	26.974750695460216	22.806871979063654
72	22.91839878661787	27.28656392323561	26.913344436467522	22.881692853678988
73	22.93684327230256	27.329756308652385	26.897439087370167	22.835961331674888
74	22.94533767705332	27.34796820957647	26.867336534911374	22.839357578458834
75	23.138413452278485	27.273522666279437	26.759942227266826	22.82812165417525
76	23.496258012265493	26.936015473063335	26.583591945908218	22.984134568762954
>>END_MODULE
>>Per sequence GC content	warn
#GC Content	Count
0	435.0
1	744.0
2	1273.0
3	1770.5
4	2048.0
5	2301.5
6	2853.5
7	3635.0
8	4118.0
9	4623.0
10	6089.5
11	8805.0
12	10559.0
13	14243.5
14	26172.0
15	52062.5
16	105299.5
17	140890.0
18	203203.0
19	363188.5
20	608071.0
21	755281.0
22	954904.5
23	1410601.0
24	1972280.5
25	2277887.0
26	2636292.5
27	3386185.0
28	4199427.0
29	4621182.0
30	5070706.0
31	5988592.5
32	6937655.0
33	7418355.0
34	7899140.5
35	8835280.5
36	9692152.5
37	1.009367E7
38	1.038209E7
39	1.0811058E7
40	1.09528665E7
41	1.08733795E7
42	1.0792632E7
43	1.0646262E7
44	1.0298664E7
45	9883334.5
46	9669233.0
47	9443117.0
48	8972474.0
49	8500461.0
50	8272975.0
51	8060638.5
52	7658427.0
53	7300830.5
54	7133109.0
55	6953614.0
56	6574303.0
57	6123861.0
58	5873235.0
59	5569297.0
60	4938551.5
61	4281408.5
62	3951073.0
63	3634935.5
64	3029385.5
65	2479048.0
66	1990247.0
67	1762371.0
68	1564065.0
69	1200544.0
70	902360.0
71	769391.0
72	667020.5
73	485333.5
74	348466.5
75	290916.0
76	248277.0
77	175726.5
78	124013.0
79	102211.0
80	86325.5
81	59959.5
82	41483.5
83	33488.0
84	27647.0
85	17818.5
86	11183.0
87	8535.0
88	6930.0
89	4263.5
90	2588.5
91	1592.5
92	1210.0
93	956.5
94	554.5
95	318.5
96	231.0
97	179.5
98	96.5
99	42.0
100	19.0
>>END_MODULE
>>Per base N content	pass
#Base	N-Count
1	0.0
2	0.0
3	0.0
4	0.0
5	0.0
6	0.0
7	0.0
8	0.0
9	0.0
10	0.0
11	0.0
12	0.0
13	0.0
14	0.0
15	0.0
16	0.0
17	0.0
18	0.0
19	0.0
20	0.0
21	0.0
22	0.0
23	0.0
24	0.0
25	0.0
26	0.0
27	0.0
28	0.0
29	0.0
30	0.0
31	0.0
32	0.0
33	0.0
34	0.0
35	0.0
36	0.0
37	1.4466084113075772E-4
38	3.724698490111591E-4
39	0.0018513193862012512
40	4.4501238224681775E-4
41	1.4720619317411414E-4
42	0.017078463760240598
43	0.0041472269293087605
44	0.017883643456622352
45	0.021702095746997573
46	0.0031087232956193327
47	1.8665914984613899E-4
48	0.012852755142928347
49	0.012022546151453588
50	0.007791746830054624
51	0.0
52	0.011465114053958529
53	0.01834732175385378
54	0.014083432855891188
55	0.013562059912343678
56	0.011948306716855692
57	0.021261749843496908
58	0.016595271097343434
59	0.016611815885625252
60	0.020219003956401888
61	0.011841401931034723
62	0.01768553022258111
63	0.028224136132757895
64	0.03745570376867114
65	0.02905264822287041
66	0.0018479255834767758
67	3.2707773757130264E-4
68	0.029441238634822828
69	4.543453397391246E-4
70	0.03570577423886359
71	0.038130222060160604
72	0.020354756065380897
73	0.04361672838961541
74	0.0037196077860248786
75	0.03999681355862199
76	0.47620482308746975
>>END_MODULE
>>Sequence Length Distribution	pass
#Length	Count
76	2.35723778E8
>>END_MODULE
>>Sequence Duplication Levels	pass
#Total Deduplicated Percentage	83.56118272018685
#Duplication Level	Percentage of deduplicated	Percentage of total
1	90.50035794996482	75.62316946899324
2	6.601272463993289	11.032202690989624
3	1.3365261119599314	3.3504510795535425
4	0.4866801734601813	1.6267028360319373
5	0.2740112034001168	1.144835011734772
6	0.18548378363149182	0.9299546601397615
7	0.14294174785781857	0.8361067057763039
8	0.09904014841314553	0.6620729550548221
9	0.07580514997726844	0.5700931189543526
>10	0.2937787379829117	3.979651822432083
>50	0.003813432575865121	0.1913187868411434
>100	2.6810739233672893E-4	0.03934205412694498
>500	2.024436913347773E-5	0.010845991015327253
>1k	0.0	0.0
>5k	7.45021728288095E-7	0.003252818356127525
>10k+	0.0	0.0
>>END_MODULE
>>Overrepresented sequences	pass
>>END_MODULE
>>Adapter Content	pass
#Position	Illumina Universal Adapter	Illumina Small RNA 3' Adapter	Illumina Small RNA 5' Adapter	Nextera Transposase Sequence	SOLID Small RNA Adapter
1	9.757182832866356E-6	3.3938027244752542E-6	0.0	5.090704086712882E-6	8.484506811188136E-7
2	1.6544788281816866E-5	1.0181408173425763E-5	0.0	1.1029858854544577E-5	1.6969013622376271E-6
3	2.4180844411886187E-5	1.3575210897901017E-5	0.0	1.9514365665732712E-5	2.121126702797034E-6
4	2.7150421795802034E-5	1.5272112260138643E-5	0.0	3.3513801904193136E-5	3.3938027244752542E-6
5	2.9695773839158476E-5	1.7817464303495085E-5	0.0	4.4543660758737713E-5	4.242253405594068E-6
6	3.3513801904193136E-5	2.121126702797034E-5	0.0	5.133126620768822E-5	5.090704086712882E-6
7	3.9877182012584235E-5	2.672619645524263E-5	0.0	6.405802642447043E-5	5.939154767831695E-6
8	4.5392111439856524E-5	3.266535122307432E-5	0.0	7.126985721398034E-5	6.3633801083911016E-6
9	5.005859018601E-5	3.818028065034661E-5	0.0	8.399661743076254E-5	7.636056130069322E-6
10	5.175549154824763E-5	4.199830871538127E-5	0.0	9.502647628530711E-5	8.484506811188135E-6
11	5.9815773018876357E-5	4.4543660758737713E-5	0.0	1.0732901116152991E-4	9.757182832866356E-6
12	6.660337846782686E-5	5.260394222936644E-5	4.242253405594068E-7	1.2260112342166857E-4	1.060563351398517E-5
13	7.042140653286153E-5	5.811887165663873E-5	4.242253405594068E-7	1.3320675693565372E-4	1.060563351398517E-5
14	7.593633596013382E-5	6.278535040279221E-5	4.242253405594068E-7	1.4466084113075772E-4	1.1454084195103982E-5
15	8.06028147062873E-5	6.702760380838627E-5	1.6969013622376271E-6	1.5908450270977754E-4	1.2302534876222796E-5
16	8.611774413355958E-5	7.084563187342093E-5	1.6969013622376271E-6	1.7138703758600034E-4	1.315098555734161E-5
17	9.078422287971305E-5	7.254253323565856E-5	1.6969013622376271E-6	1.807199950783073E-4	1.5272112260138643E-5
18	9.37538002636289E-5	7.5087885279015E-5	1.6969013622376271E-6	1.9174985393285188E-4	1.6544788281816866E-5
19	9.884450435034178E-5	7.805746266293085E-5	1.6969013622376271E-6	2.0150703676571823E-4	1.86659149846139E-5
20	1.0351098309649526E-4	8.272394140908433E-5	1.6969013622376271E-6	2.0999154357690636E-4	1.9514365665732712E-5
21	1.0775323650208933E-4	8.823887083635662E-5	1.6969013622376271E-6	2.2356675447480738E-4	1.9938591006292118E-5
22	1.1411661661048042E-4	9.290534958251008E-5	1.6969013622376271E-6	2.3502083866991136E-4	2.0362816346851526E-5
23	1.187830953566339E-4	9.757182832866356E-5	1.6969013622376271E-6	2.477475988866936E-4	2.078704168741093E-5
24	1.259949261461438E-4	9.969295503146059E-5	1.6969013622376271E-6	2.570805563790005E-4	2.248394304964856E-5
25	1.3363098227621315E-4	1.0393520843705466E-4	1.6969013622376271E-6	2.702315419363421E-4	2.375661907132678E-5
26	1.378732356818072E-4	1.0817746184264872E-4	2.121126702797034E-6	2.7914027408808967E-4	2.5029295093005E-5
27	1.4126703840628246E-4	1.1411661661048042E-4	2.545352043356441E-6	2.855036541964808E-4	2.630197111468322E-5
28	1.4847886919579236E-4	1.1708619399439627E-4	2.545352043356441E-6	2.9653351305102536E-4	3.011999917971788E-5
29	1.612056294125746E-4	1.2344957410278737E-4	2.9695773839158473E-6	3.079875972461293E-4	3.266535122307432E-5
30	1.6969013622376272E-4	1.2938872887061908E-4	3.3938027244752542E-6	3.1604787871675807E-4	3.563492860699017E-5
31	1.8538647382446076E-4	1.3490365829789137E-4	4.242253405594068E-6	3.296230896146591E-4	4.114985803426246E-5
32	1.9938591006292118E-4	1.438123904496389E-4	4.242253405594068E-6	3.3513801904193135E-4	4.199830871538127E-5
33	2.2356675447480738E-4	1.4847886919579236E-4	4.242253405594068E-6	3.4150139915032246E-4	4.411943541817831E-5
34	2.4223266945942127E-4	1.5441802396362408E-4	4.242253405594068E-6	3.512585819831888E-4	4.5392111439856524E-5
35	2.6047435910347576E-4	1.5950872805033694E-4	4.242253405594068E-6	3.622884408377334E-4	4.581633678041593E-5
36	2.927154849859907E-4	1.6587210815872805E-4	4.666478746153475E-6	3.7883322911955023E-4	4.6664787461534746E-5
37	3.151994280356392E-4	1.7181126292655974E-4	4.666478746153475E-6	3.8646928524961957E-4	4.8361688823772374E-5
38	3.427740751720007E-4	1.7647774167271323E-4	5.090704086712882E-6	3.941053413796889E-4	5.133126620768822E-5
39	3.758636517356344E-4	1.8029576973774787E-4	5.5149294272722885E-6	4.0258984819087704E-4	5.2179716888807035E-5
40	4.1022590432094637E-4	1.8538647382446076E-4	5.939154767831695E-6	4.127712563643028E-4	5.260394222936644E-5
41	4.4713350894961477E-4	1.9174985393285188E-4	5.939154767831695E-6	4.2295266453772854E-4	5.387661825104466E-5
42	4.91252944367793E-4	1.9641633267900534E-4	5.939154767831695E-6	4.322856220300355E-4	5.514929427272288E-5
43	5.39190407851006E-4	2.0023436074404E-4	5.939154767831695E-6	4.428912555440207E-4	5.5997744953841696E-5
44	5.879763220153378E-4	2.065977408524311E-4	5.939154767831695E-6	4.513757623552088E-4	5.6846195634960506E-5
45	6.435498416286201E-4	2.1126421959858458E-4	5.939154767831695E-6	4.624056212097534E-4	5.7694646316079324E-5
46	7.042140653286152E-4	2.1720337436641627E-4	6.3633801083911016E-6	4.7937463483212965E-4	5.939154767831695E-5
47	7.911802601432937E-4	2.2017295175033212E-4	6.7876054489505085E-6	4.887075923244366E-4	6.151267438111398E-5
48	8.692377228062245E-4	2.2399097981536678E-4	6.7876054489505085E-6	5.005859018601E-4	6.32095757433516E-5
49	9.617188470481752E-4	2.312028106048767E-4	6.7876054489505085E-6	5.086461833307287E-4	6.32095757433516E-5
50	0.0010737143369558585	2.3671774003214898E-4	7.2118307895099154E-6	5.175549154824763E-4	6.448225176502983E-5
51	0.001219223628767735	2.3968731741606482E-4	7.2118307895099154E-6	5.247667462719862E-4	6.448225176502983E-5
52	0.001376611230115275	2.435053454810995E-4	7.2118307895099154E-6	5.37069281148209E-4	6.533070244614864E-5
53	0.0015993295339089635	2.498687255894906E-4	7.2118307895099154E-6	5.472506893216347E-4	6.533070244614864E-5
54	0.0018738033292508998	2.5241407763284705E-4	7.636056130069322E-6	5.612501255600952E-4	6.660337846782686E-5
55	0.00223821289679143	2.5538365501676287E-4	7.636056130069322E-6	5.688861816901645E-4	6.745182914894568E-5
56	0.002714617954239644	2.651408378496292E-4	7.636056130069322E-6	5.786433645230309E-4	6.745182914894568E-5
57	0.0033717430067661653	2.7065576727690154E-4	7.636056130069322E-6	5.888247726964566E-4	6.83002798300645E-5
58	0.004179468055191276	2.7786759806641145E-4	7.636056130069322E-6	6.002788568915606E-4	6.999718119230212E-5
59	0.005364329431373699	2.863521048775996E-4	8.060281470628728E-6	6.087633637027487E-4	7.084563187342093E-5
60	0.006936508543486861	2.9101858362375304E-4	8.484506811188135E-6	6.197932225572933E-4	7.126985721398034E-5
61	0.009206538340820246	2.9526083702934714E-4	8.484506811188135E-6	6.295504053901597E-4	7.211830789509915E-5
62	0.012321200791207411	2.995030904349412E-4	8.484506811188135E-6	6.427013909475012E-4	7.296675857621796E-5
63	0.016807383767623137	3.0416956918109464E-4	8.484506811188135E-6	6.567008271859617E-4	7.5087885279015E-5
64	0.022876351489666012	3.0926027326780753E-4	8.908732151747542E-6	6.651853339971498E-4	7.593633596013382E-5
65	0.03054464874561785	3.143509773545204E-4	1.0181408173425763E-5	6.766394181922539E-4	7.720901198181204E-5
>>END_MODULE
