##FastQC	0.11.8
>>Basic Statistics	pass
#Measure	Value
Filename	HG00183.mapped.ILLUMINA.bwa.FIN.exome.20120522.bam
File type	Conventional base calls
Encoding	Sanger / Illumina 1.9
Total Sequences	109946902
Sequences flagged as poor quality	0
Sequence length	100
%GC	44
>>END_MODULE
>>Per base sequence quality	warn
#Base	Mean	Median	Lower Quartile	Upper Quartile	10th Percentile	90th Percentile
1	20.223334205451284	21.0	20.0	21.0	20.0	21.0
2	37.21818471065242	38.0	35.0	40.0	32.0	42.0
3	33.42391993000403	35.0	30.0	39.0	23.0	41.0
4	36.35934671447132	38.0	34.0	41.0	28.0	43.0
5	36.05199417988148	39.0	33.0	42.0	26.0	43.0
6	37.23809610388113	40.0	32.0	42.0	27.0	44.0
7	39.1322942869277	41.0	38.0	43.0	32.0	44.0
8	39.9289982177033	42.0	38.0	44.0	34.0	45.0
9	35.589441346878516	39.0	30.0	43.0	23.0	44.0
10	36.77736448635906	39.0	34.0	43.0	26.0	44.0
11	40.276314870609085	42.0	38.0	44.0	35.0	45.0
12	38.84487462866394	41.0	37.0	43.0	31.0	45.0
13	39.842455715578055	42.0	38.0	44.0	33.0	45.0
14	38.12944568460874	41.0	35.0	43.0	28.0	45.0
15	37.86161203523497	40.0	34.0	44.0	28.0	45.0
16	40.17948141003555	42.0	38.0	44.0	34.0	45.0
17	35.9095803172335	38.0	32.0	43.0	24.0	45.0
18	36.758890114066155	40.0	31.0	43.0	24.0	45.0
19	39.464803601287464	42.0	38.0	44.0	32.0	45.0
20	34.64288589959543	38.0	29.0	43.0	20.0	44.0
21	40.250111094535434	42.0	38.0	44.0	34.0	46.0
22	40.0644469636807	42.0	38.0	44.0	33.0	46.0
23	36.81662606555299	40.0	32.0	44.0	25.0	45.0
24	39.05102997808888	41.0	37.0	44.0	30.0	45.0
25	36.5142018280788	39.0	32.0	44.0	24.0	45.0
26	40.122941044759955	42.0	38.0	45.0	33.0	46.0
27	38.65703494765137	41.0	37.0	44.0	29.0	45.0
28	37.214546390765975	40.0	34.0	44.0	25.0	46.0
29	36.508853873845396	40.0	31.0	44.0	24.0	45.0
30	39.43502056110685	42.0	37.0	44.0	31.0	45.0
31	39.16564738677221	41.0	37.0	44.0	31.0	45.0
32	34.5496739598902	36.0	29.0	43.0	22.0	45.0
33	38.0436647500991	41.0	35.0	44.0	27.0	46.0
34	37.65873846086177	41.0	35.0	44.0	26.0	45.0
35	36.97093711653649	40.0	33.0	44.0	24.0	45.0
36	35.084023158742575	39.0	30.0	42.0	21.0	45.0
37	38.329265084704254	42.0	36.0	44.0	27.0	46.0
38	38.93561098247225	42.0	37.0	44.0	29.0	46.0
39	38.861914435751906	42.0	37.0	45.0	29.0	46.0
40	38.84903865686002	41.0	36.0	45.0	29.0	46.0
41	34.65254810908633	39.0	28.0	44.0	19.0	46.0
42	39.13258840162681	42.0	37.0	45.0	30.0	46.0
43	38.65718487456791	41.0	36.0	45.0	28.0	46.0
44	36.96187181335951	40.0	34.0	44.0	24.0	45.0
45	36.529872901739424	39.0	31.0	44.0	25.0	46.0
46	38.723085894680324	41.0	37.0	44.0	29.0	46.0
47	38.79453522028297	42.0	37.0	45.0	29.0	46.0
48	38.68108904059889	42.0	37.0	44.0	28.0	46.0
49	38.20618630072906	41.0	36.0	45.0	27.0	46.0
50	36.81002727116404	40.0	33.0	44.0	24.0	46.0
51	38.99886797174149	42.0	37.0	44.0	30.0	46.0
52	38.577690392767956	42.0	37.0	45.0	28.0	46.0
53	37.06142089387839	41.0	34.0	44.0	24.0	46.0
54	35.6472526165403	39.0	32.0	43.0	21.0	46.0
55	36.624814276258554	40.0	33.0	44.0	23.0	46.0
56	37.64418203434236	41.0	35.0	44.0	25.0	46.0
57	35.878697027770734	39.0	32.0	43.0	22.0	46.0
58	35.984564521881666	40.0	32.0	43.0	21.0	46.0
59	36.32950966640242	40.0	33.0	44.0	23.0	46.0
60	35.90271976012566	39.0	32.0	43.0	22.0	45.0
61	36.7021118339469	40.0	34.0	44.0	21.0	46.0
62	37.084515796543315	40.0	34.0	44.0	24.0	46.0
63	37.14209185266539	40.0	34.0	44.0	25.0	46.0
64	33.18657819026133	35.0	27.0	42.0	19.0	45.0
65	36.34403944369438	39.0	33.0	43.0	24.0	46.0
66	37.49703482322767	41.0	36.0	44.0	26.0	46.0
67	36.840172058690655	40.0	35.0	44.0	24.0	46.0
68	34.521908975661724	38.0	30.0	43.0	20.0	45.0
69	33.7240333156454	37.0	29.0	43.0	17.0	45.0
70	35.77397539586882	39.0	33.0	43.0	23.0	45.0
71	34.75199943332646	39.0	31.0	43.0	16.0	46.0
72	36.08448901998166	40.0	34.0	43.0	22.0	46.0
73	34.633246119113025	38.0	31.0	43.0	18.0	45.0
74	33.42463414749058	37.0	29.0	42.0	17.0	45.0
75	34.83466522776604	38.0	32.0	43.0	21.0	45.0
76	31.64048415843495	34.0	26.0	41.0	14.0	45.0
77	32.941809065252244	37.0	27.0	42.0	13.0	45.0
78	34.53884224950695	38.0	31.0	43.0	17.0	45.0
79	32.651852418724815	36.0	28.0	41.0	13.0	45.0
80	33.76910367151591	37.0	31.0	42.0	14.0	45.0
81	33.78650972812313	39.0	30.0	43.0	4.0	45.0
82	34.3013559035979	39.0	32.0	43.0	4.0	45.0
83	33.58287954307253	38.0	30.0	42.0	2.0	45.0
84	30.582743504678284	35.0	25.0	41.0	2.0	44.0
85	32.588238939192664	36.0	29.0	41.0	2.0	44.0
86	33.84238777369098	39.0	32.0	42.0	2.0	45.0
87	30.8987943743972	36.0	25.0	42.0	2.0	44.0
88	30.897652423166956	36.0	26.0	41.0	2.0	44.0
89	30.16798510611968	34.0	27.0	40.0	2.0	43.0
90	29.961655399803806	34.0	26.0	39.0	2.0	43.0
91	29.563377019936404	35.0	23.0	41.0	2.0	43.0
92	30.75814103429672	36.0	27.0	41.0	2.0	43.0
93	30.21586064334946	35.0	27.0	40.0	2.0	42.0
94	28.48855013668325	34.0	24.0	38.0	2.0	41.0
95	28.541653397382674	34.0	26.0	38.0	2.0	40.0
96	29.46980274169071	36.0	28.0	39.0	2.0	41.0
97	27.810042214741074	34.0	23.0	38.0	2.0	40.0
98	26.17077058706029	32.0	20.0	36.0	2.0	38.0
99	25.76320916254648	32.0	21.0	36.0	2.0	38.0
100	24.73116951489911	30.0	20.0	34.0	2.0	37.0
>>END_MODULE
>>Per sequence quality scores	pass
#Quality	Count
1	15885.0
2	334476.0
3	66300.0
4	88671.0
5	105876.0
6	142459.0
7	191267.0
8	235814.0
9	267705.0
10	296215.0
11	326049.0
12	352232.0
13	390197.0
14	420723.0
15	462664.0
16	506927.0
17	556106.0
18	609854.0
19	674309.0
20	746268.0
21	825505.0
22	915298.0
23	1022481.0
24	1141925.0
25	1280395.0
26	1448702.0
27	1641902.0
28	1877821.0
29	2159570.0
30	2503672.0
31	2935412.0
32	3485664.0
33	4165826.0
34	5000990.0
35	5980365.0
36	7144173.0
37	8390115.0
38	9201199.0
39	8792625.0
40	9648210.0
41	8552263.0
42	9930660.0
43	5080162.0
44	31947.0
45	23.0
>>END_MODULE
>>Per base sequence content	pass
#Base	G	A	T	C
1	15.548357151527561	30.022957809215946	29.12191286663084	25.306772172625656
2	24.664360256371754	30.981710607907807	26.762071931776667	17.59185720394377
3	21.948544762088883	27.95942717876671	28.280336630130787	21.811691429013617
4	20.833753915139873	28.0695785316443	27.937320143863626	23.1593474093522
5	21.01589001570958	28.252611428742213	28.87085440570213	21.860644149846078
6	21.32202142448725	27.771132650922713	28.2377797238889	22.669066200701135
7	21.95219288670817	27.796168372256634	28.072279835588272	22.17935890544692
8	20.7373555645979	27.8285976625335	29.137497662280655	22.296549110587947
9	21.12725559106704	27.338562026968255	29.273129496636475	22.26105288532823
10	21.444693366621646	27.880077057560023	28.455706737421306	22.21952283839703
11	21.324044219090414	28.05789470993917	28.544637847094588	22.073423223875828
12	21.36907595631935	28.005658585996358	28.383299058303617	22.241966399380676
13	21.250335912147847	28.13022235042148	28.54671885161439	22.072722885816283
14	21.464886750515262	28.060960735392072	28.399447762520857	22.074704751571808
15	21.396988520877105	27.969170063563954	28.330495387673587	22.30334602788535
16	21.51462257663249	27.919638881684904	28.337670669429137	22.22806787225346
17	21.65249458324892	27.80087700879466	28.25466787595343	22.291960532002985
18	21.607822110349233	27.69771539356334	28.178473823664447	22.515988672422985
19	21.628410230240046	27.68689926342809	28.24100036943287	22.44369013689899
20	21.757569849489713	27.668531306139034	28.086298420668555	22.48760042370271
21	21.766663329904464	27.62420627367927	28.15468597741845	22.454444418997817
22	21.719350491567287	27.623559597886622	28.179889961792647	22.477199948753444
23	21.817478768069336	27.586934645962103	28.162992714428643	22.43259387153992
24	21.87985251280659	27.50748174787135	28.05149252863896	22.5611732106831
25	21.83565754312932	27.50144974525976	28.07174321291927	22.59114949869165
26	21.944742926908482	27.545654719766453	28.06006757698366	22.4495347763414
27	22.0396723865853	27.443830113557905	27.956156509075626	22.56034099078117
28	21.929335489598426	27.489027385237286	27.947857957834955	22.633779167329333
29	22.072923891934675	27.494550960608237	27.89080223470053	22.54172291275656
30	22.085865593557152	27.405308791692924	27.898762440800738	22.610063173949186
31	22.098540802905024	27.435459709451386	27.837551984866295	22.628447502777295
32	22.17187165491939	27.437871782872065	27.758785781885877	22.63147078032267
33	22.174941318492085	27.39562047869252	27.743160057388426	22.686278145426964
34	22.19042788490757	27.449361874698386	27.721121237231404	22.639089003162635
35	22.24026830696876	27.41633866136583	27.708375084547633	22.635017947117785
36	22.224637992697225	27.296793627362586	27.69103917468637	22.78752920525382
37	22.20753542688221	27.394124674715975	27.710913100186858	22.68742679821496
38	22.264797477433188	27.403397478617748	27.710583817717122	22.621221226231945
39	22.26256761643327	27.313372747539212	27.696572650819707	22.727486985207815
40	22.232757360030238	27.35469504668831	27.71753023961748	22.695017353663964
41	22.351903087631097	27.31425489871447	27.582606731204773	22.751235282449663
42	22.300814805098685	27.300794969796478	27.646099375082432	22.752290850022405
43	22.287267978796812	27.300117636338555	27.67845698628254	22.734157398582084
44	22.35423170415391	27.286799221264545	27.65629307597956	22.702675998601986
45	22.33254928774427	27.234874468121163	27.637667507839826	22.79490873629474
46	22.369097763371965	27.291595492578548	27.600103722445517	22.739203021603974
47	22.432976345368402	27.330544656244722	27.56313970198771	22.673339296399167
48	22.38386217455914	27.240366417853508	27.591898382316003	22.783873025271355
49	22.374983780543182	27.249724554025768	27.575621947249434	22.79966971818162
50	22.420327136330098	27.294740892641805	27.545431127677944	22.739500843350154
51	22.43021536651522	27.238555131986153	27.534401167784907	22.796828333713716
52	22.453509281059848	27.250424121555927	27.52457224173892	22.771494355645302
53	22.50945603957046	27.2760687200473	27.497037707150383	22.71743753323186
54	22.50178520463681	27.17645292284903	27.453492072151448	22.868269800362707
55	22.47334575705576	27.246364778580094	27.475696707186657	22.804592757177485
56	22.545828435464752	27.222219512642543	27.483162045029623	22.748790006863082
57	22.526182564552865	27.215501357316263	27.43892645401416	22.819389624116713
58	22.541236939572478	27.226087519744436	27.43877043506832	22.79390510561477
59	22.56612922935853	27.254357904256988	27.42897010156206	22.750542764822423
60	22.556500392454407	27.1661685879099	27.397549875936043	22.879781143699653
61	22.52491948687123	27.197233996143073	27.403313322626577	22.874533194359124
62	22.648227166830363	27.212785102698632	27.382194934849707	22.7567927956213
63	22.585713058083286	27.136514538625246	27.418281648255405	22.859490755036067
64	22.574483433363632	27.197997629802263	27.352249561733906	22.875269375100203
65	22.654252732162792	27.213209963702155	27.369580985772764	22.76295631836229
66	22.646250497916323	27.157437434920666	27.357808333120325	22.838503734042686
67	22.624510359164717	27.167731355436825	27.32943303787708	22.878325247521374
68	22.70718879599928	27.16519815657334	27.323528035902843	22.804085011524535
69	22.667631869321045	27.11670158456702	27.317496051319534	22.898170494792396
70	22.683605438892272	27.160894817551362	27.2928909811004	22.86260876245597
71	22.776665926605517	27.187440379665567	27.219429914116137	22.816463779612775
72	22.738778465599893	27.118669949902845	27.248922821790337	22.89362876270692
73	22.6984927182249	27.158654319423984	27.257376676811205	22.8854762855399
74	22.77793497834442	27.155815532000872	27.248620735787902	22.81762875386681
75	22.789374167413737	27.093808661232938	27.238475653819687	22.87834151753364
76	22.753013517421895	27.099600073746288	27.198354339795074	22.949032069036747
77	22.811237867612085	27.14032763610476	27.177654414997775	22.870780081285382
78	22.817106934197785	27.10658421444289	27.183919507439953	22.89238934391937
79	22.805559086318734	27.12805446434061	27.170700999817953	22.895685449522702
80	22.85232993973752	27.147803127439584	27.152232623882945	22.847634308939952
81	22.843954150356797	27.08722586893376	27.148059561109743	22.92076041959969
82	22.838745094005894	27.126459276982455	27.137189042007805	22.897606587003843
83	22.9012465642323	27.1021610723501	27.15175569758705	22.84483666583055
84	22.956317690054348	27.00250184582026	27.069116591441546	22.972063872683847
85	22.850243980236378	27.089980062103564	27.08730694780866	22.972469009851395
86	22.934890391582893	27.09134177396921	27.075193153874633	22.898574680573265
87	22.99414398971856	27.01365187853422	26.997261899126418	22.994942232620808
88	22.96415936818032	27.038528758107727	27.000033913992326	22.99727795971963
89	23.009620444321413	27.05537848606669	27.010571567563645	22.92442950204825
90	23.030887712496668	27.006718589684485	26.935576730664163	23.026816967154684
91	23.02118140701653	26.95943805440459	26.91293751816413	23.106443020414748
92	23.025489924709287	27.035837242583987	26.973235965797816	22.96543686690891
93	23.01792934090739	26.986513065493423	26.97274042149501	23.02281717210418
94	23.041344178145156	27.002220313199754	26.926762416718436	23.029673091936655
95	23.09425570230152	27.00426116375808	26.905183753665312	22.996299380275083
96	23.09219957457493	26.968288463525337	26.89403658753199	23.04547537436774
97	23.111561854006663	26.978371275083695	26.849818350434983	23.06024852047466
98	23.184912401646503	26.97439869717353	26.812799759597926	23.02788914158204
99	23.19141205228806	26.90893240950511	26.798052104924185	23.10160343328264
100	23.195845037967157	26.939681931722255	26.753346534817307	23.111126495493288
>>END_MODULE
>>Per sequence GC content	warn
#GC Content	Count
0	268.0
1	482.5
2	683.5
3	653.0
4	658.0
5	694.5
6	758.0
7	851.5
8	1014.0
9	1264.5
10	1589.0
11	2175.5
12	3168.5
13	4746.5
14	7298.5
15	11711.5
16	19331.0
17	32095.5
18	53607.0
19	86235.5
20	133001.5
21	197598.0
22	282640.5
23	392975.5
24	528257.5
25	687448.0
26	870543.5
27	1072206.5
28	1288327.0
29	1516751.5
30	1748015.0
31	1982121.5
32	2225480.5
33	2470573.5
34	2706336.0
35	2929598.5
36	3139973.0
37	3336764.0
38	3513654.0
39	3661651.5
40	3766577.5
41	3820503.0
42	3832340.5
43	3807151.5
44	3752785.0
45	3679285.0
46	3593312.5
47	3504826.5
48	3407501.5
49	3301025.0
50	3194861.5
51	3074981.5
52	2941902.0
53	2807803.5
54	2677638.0
55	2550120.5
56	2418935.0
57	2283448.0
58	2139798.5
59	1985663.0
60	1825403.0
61	1656297.0
62	1478622.0
63	1303050.0
64	1134151.0
65	972221.0
66	821484.5
67	684326.0
68	561981.5
69	454448.0
70	361823.0
71	284643.5
72	221162.0
73	170927.5
74	131753.0
75	101185.5
76	77768.5
77	59569.5
78	45740.5
79	35286.5
80	27330.5
81	21291.0
82	16288.0
83	12369.0
84	9388.0
85	7002.5
86	5155.5
87	3787.5
88	2749.5
89	1908.5
90	1353.0
91	942.0
92	632.0
93	411.5
94	271.0
95	185.0
96	142.0
97	101.0
98	80.0
99	80.0
100	50.5
>>END_MODULE
>>Per base N content	pass
#Base	N-Count
1	0.0
2	0.0
3	0.0
4	0.0
5	0.0
6	0.0
7	0.0
8	0.0
9	0.0
10	0.0
11	0.0
12	0.0
13	0.0
14	0.0
15	0.0
16	0.0
17	0.0
18	0.0
19	0.0
20	0.0
21	0.0
22	0.0
23	0.0
24	0.0
25	0.0
26	0.0
27	0.0
28	0.0
29	0.0
30	0.0
31	0.0
32	0.0
33	0.0
34	0.0
35	0.0
36	0.10283873209997313
37	0.03102497603797877
38	0.02956790906213983
39	0.048994559210044863
40	0.0388678527749695
41	0.15405345391178007
42	0.03806019018162058
43	0.04601130098235965
44	0.0489963782699398
45	0.015912226430900255
46	0.020708177843883225
47	0.018397062247374647
48	0.016948181041062892
49	0.1978955259694357
50	0.041776529546962586
51	0.01677082270130722
52	0.01737293152652905
53	0.3315745995280522
54	0.06761809441433829
55	0.2262010074644941
56	0.04434686117849869
57	0.02359957354687447
58	0.046731648700751936
59	0.20663610876457436
60	0.02930778349716484
61	0.035235190164794275
62	0.021401239663851556
63	0.012656109218975536
64	0.08975514380568904
65	0.016922714202533874
66	0.012526046436488043
67	0.02924320687089483
68	0.04354192717499216
69	0.10023929551011815
70	0.030795774491217585
71	0.05829177433303214
72	0.055860600783458184
73	0.07570654423714458
74	0.13078313020588794
75	0.12252005063316837
76	0.19456755589166122
77	0.2013590160093824
78	0.18083365368493964
79	0.20803496582377556
80	0.20726732254811508
81	0.40631067531125165
82	0.21229247550785926
83	0.21595242401645842
84	0.30290348699411285
85	0.2043668315456492
86	0.2078721599631793
87	0.3011862944532989
88	0.2879899244455292
89	0.387340609196974
90	0.23814131661481466
91	0.17975040351750884
92	0.16732167678539955
93	0.14921748318110864
94	0.194807671797792
95	0.129936357824798
96	0.1183735036026754
97	0.13722805941362495
98	0.15535590079654996
99	0.166894197710091
100	0.6252727339238717
>>END_MODULE
>>Sequence Length Distribution	pass
#Length	Count
100	1.09946902E8
>>END_MODULE
>>Sequence Duplication Levels	pass
#Total Deduplicated Percentage	87.45622968171101
#Duplication Level	Percentage of deduplicated	Percentage of total
1	92.24718560760635	80.67591051990247
2	5.646145861145665	9.875812584975945
3	1.0953804533865104	2.8739353356068222
4	0.3780954079936253	1.322671953723629
5	0.18008097697876285	0.7874601641980798
6	0.09666544000145198	0.5072396953830384
7	0.07225520435118138	0.44234174232051177
8	0.04619032699456984	0.3231705477368349
9	0.035341007717204415	0.2781712159289055
>10	0.20214530694907296	2.887446282130562
>50	5.144068755792471E-4	0.025839958093194674
>100	0.0	0.0
>500	0.0	0.0
>1k	0.0	0.0
>5k	0.0	0.0
>10k+	0.0	0.0
>>END_MODULE
>>Overrepresented sequences	pass
>>END_MODULE
>>Adapter Content	pass
#Position	Illumina Universal Adapter	Illumina Small RNA 3' Adapter	Illumina Small RNA 5' Adapter	Nextera Transposase Sequence	SOLID Small RNA Adapter
1	7.276239579720036E-6	8.18576952718504E-6	0.0	5.457179684790027E-6	3.638119789860018E-6
2	1.000482942211505E-5	1.182388931704506E-5	0.0	1.7281069001835085E-5	3.638119789860018E-6
3	1.3642949211975067E-5	1.5462009106905075E-5	0.0	2.5466838529020125E-5	7.276239579720036E-6
4	1.5462009106905075E-5	1.819059894930009E-5	0.0	3.638119789860018E-5	9.095299474650045E-6
5	1.9100128896765094E-5	2.2738248686625114E-5	0.0	4.09288476359252E-5	1.000482942211505E-5
6	2.5466838529020125E-5	2.5466838529020125E-5	9.095299474650045E-7	5.548132679536528E-5	1.5462009106905075E-5
7	2.9104958318880144E-5	2.819542837141514E-5	9.095299474650045E-7	7.094333590227036E-5	1.637153905437008E-5
8	3.365260805620517E-5	3.092401821381015E-5	9.095299474650045E-7	8.367675516678042E-5	1.819059894930009E-5
9	3.456213800367017E-5	3.547166795113518E-5	9.095299474650045E-7	9.459111453636047E-5	2.2738248686625114E-5
10	3.820025779353019E-5	4.00193176884602E-5	9.095299474650045E-7	1.0641500385340553E-4	2.364777863409012E-5
11	4.09288476359252E-5	4.638602732071523E-5	9.095299474650045E-7	1.1732936322298558E-4	2.4557308581555123E-5
12	4.274790753085521E-5	5.730038669029529E-5	9.095299474650045E-7	1.364294921197507E-4	2.5466838529020125E-5
13	4.547649737325023E-5	6.275756637508531E-5	9.095299474650045E-7	1.4825338143679574E-4	2.637636847648513E-5
14	5.184320700550526E-5	6.275756637508531E-5	9.095299474650045E-7	1.5734868091144577E-4	2.7285898423950134E-5
15	6.275756637508531E-5	6.821474605987534E-5	9.095299474650045E-7	1.6553445043863082E-4	2.819542837141514E-5
16	6.821474605987534E-5	7.185286584973535E-5	9.095299474650045E-7	1.7462974991328087E-4	2.9104958318880144E-5
17	7.094333590227036E-5	7.640051558706038E-5	9.095299474650045E-7	1.8554410928286092E-4	3.183354816127516E-5
18	7.731004553452539E-5	8.549581506171042E-5	9.095299474650045E-7	2.0555376812709101E-4	3.274307810874016E-5
19	8.276722521931541E-5	8.913393485157044E-5	9.095299474650045E-7	2.1555859754920608E-4	3.547166795113518E-5
20	1.0914359369580054E-4	9.277205464143046E-5	9.095299474650045E-7	2.3193013660357614E-4	3.547166795113518E-5
21	1.1641983327552058E-4	9.82292343262205E-5	9.095299474650045E-7	2.419349660256912E-4	3.729072784606519E-5
22	1.236960728552406E-4	1.0368641401101052E-4	9.095299474650045E-7	2.5375885534273623E-4	3.820025779353019E-5
23	1.2642466269763563E-4	1.0641500385340553E-4	9.095299474650045E-7	2.6922086444964135E-4	3.91097877409952E-5
24	1.2915325254003065E-4	1.0732453380087053E-4	9.095299474650045E-7	2.774066339768264E-4	4.274790753085521E-5
25	1.3370090227735566E-4	1.1369124343312557E-4	2.7285898423950136E-6	2.8559240350401144E-4	4.547649737325023E-5
26	1.3551996217228568E-4	1.1641983327552058E-4	2.7285898423950136E-6	2.992353527159865E-4	4.729555726818024E-5
27	1.4734385148933073E-4	1.200579530653806E-4	2.7285898423950136E-6	3.1196877198049654E-4	4.911461716311025E-5
28	1.5552962101651578E-4	1.2551513275017062E-4	2.7285898423950136E-6	3.228831313500766E-4	5.184320700550526E-5
29	1.6553445043863082E-4	1.2824372259256564E-4	2.7285898423950136E-6	3.392546704044467E-4	5.820991663776029E-5
30	1.7099163012342084E-4	1.3551996217228568E-4	2.7285898423950136E-6	3.574452693537468E-4	5.9119446585225296E-5
31	1.809964595455359E-4	1.4643432154186573E-4	2.7285898423950136E-6	3.7108821856572183E-4	6.00289765326903E-5
32	1.9009175902018596E-4	1.600772707538408E-4	2.7285898423950136E-6	3.7745492819797686E-4	6.00289765326903E-5
33	1.9736799859990597E-4	1.6644398038609582E-4	2.7285898423950136E-6	3.874597576200919E-4	6.09385064801553E-5
34	2.04644238179626E-4	1.7190116007088585E-4	2.7285898423950136E-6	3.9655505709474195E-4	6.18480364276203E-5
35	2.1373953765427606E-4	1.7917739965060589E-4	2.7285898423950136E-6	4.07469416464322E-4	6.912427600734034E-5
36	2.2283483712892612E-4	1.9100128896765094E-4	2.7285898423950136E-6	4.165647159389721E-4	7.185286584973535E-5
37	2.3102060665611114E-4	1.9827752854737098E-4	3.638119789860018E-6	4.2929813520348214E-4	7.185286584973535E-5
38	2.410254360782262E-4	2.04644238179626E-4	3.638119789860018E-6	4.374839047306672E-4	7.458145569213037E-5
39	2.5284932539527125E-4	2.1464906760174107E-4	3.638119789860018E-6	4.447601443103872E-4	7.458145569213037E-5
40	2.5739697513259627E-4	2.1737765744413607E-4	3.638119789860018E-6	4.584030935223623E-4	7.549098563959537E-5
41	2.610350949224563E-4	2.201062472865311E-4	3.638119789860018E-6	4.7295557268180237E-4	7.731004553452539E-5
42	2.655827446597813E-4	2.237443670763911E-4	3.638119789860018E-6	4.847794619988474E-4	7.731004553452539E-5
43	2.6922086444964135E-4	2.2738248686625113E-4	3.638119789860018E-6	4.911461716311025E-4	7.731004553452539E-5
44	2.7467804413443134E-4	2.3374919649850616E-4	3.638119789860018E-6	5.011510010532174E-4	7.82195754819904E-5
45	2.828638136616164E-4	2.3738731628836617E-4	3.638119789860018E-6	5.138844203177276E-4	7.912910542945539E-5
46	2.874114633989414E-4	2.4557308581555124E-4	3.638119789860018E-6	5.184320700550526E-4	7.912910542945539E-5
47	2.9741629282105646E-4	2.5375885534273623E-4	3.638119789860018E-6	5.302559593720976E-4	8.18576952718504E-5
48	3.056020623482415E-4	2.610350949224563E-4	3.638119789860018E-6	5.402607887942127E-4	8.458628511424542E-5
49	3.1469736182289154E-4	2.619446248699213E-4	3.638119789860018E-6	5.502656182163277E-4	8.640534500917543E-5
50	3.237926612975416E-4	2.6649227460724635E-4	3.638119789860018E-6	5.557227979011177E-4	8.731487495664044E-5
51	3.3015937092979665E-4	2.7467804413443134E-4	3.638119789860018E-6	5.611799775859078E-4	8.731487495664044E-5
52	3.4471185008923673E-4	2.8559240350401144E-4	3.638119789860018E-6	5.702752770605578E-4	8.822440490410544E-5
53	3.556262094588168E-4	2.9286864308373145E-4	3.638119789860018E-6	5.802801064826729E-4	9.095299474650045E-5
54	3.6835962872332683E-4	2.983258227685215E-4	3.638119789860018E-6	5.95742115589578E-4	9.459111453636047E-5
55	3.829121078827669E-4	3.037830024533115E-4	3.638119789860018E-6	6.03018355169298E-4	9.550064448382547E-5
56	3.9655505709474195E-4	3.1105924203303156E-4	3.638119789860018E-6	6.10294594749018E-4	9.641017443129048E-5
57	4.138361260965771E-4	3.228831313500766E-4	3.638119789860018E-6	6.221184840660631E-4	9.82292343262205E-5
58	4.183837758339021E-4	3.2834031103486664E-4	3.638119789860018E-6	6.239375439609931E-4	9.913876427368549E-5
59	4.2656954536108714E-4	3.365260805620517E-4	4.547649737325022E-6	6.303042535932481E-4	1.009578241686155E-4
60	4.3566484483573717E-4	3.438023201417717E-4	4.547649737325022E-6	6.403090830153632E-4	1.009578241686155E-4
61	4.5294591383757224E-4	3.5380714956388676E-4	4.547649737325022E-6	6.512234423849433E-4	1.009578241686155E-4
62	4.7204604273433734E-4	3.601738591961418E-4	4.547649737325022E-6	6.639568616494533E-4	1.0277688406354551E-4
63	4.820508721564524E-4	3.665405688283968E-4	4.547649737325022E-6	6.712331012291733E-4	1.0550547390594052E-4
64	4.993319411582875E-4	3.6835962872332683E-4	4.547649737325022E-6	6.794188707563584E-4	1.0550547390594052E-4
65	5.111558304753325E-4	3.765453982505119E-4	4.547649737325022E-6	6.839665204936834E-4	1.0732453380087053E-4
66	5.211606598974476E-4	3.901883474624869E-4	4.547649737325022E-6	6.957904098107285E-4	1.0914359369580054E-4
67	5.357131390568877E-4	3.9382646725234696E-4	4.547649737325022E-6	7.012475894955185E-4	1.1096265359073055E-4
68	5.511751481637928E-4	3.9655505709474195E-4	5.457179684790027E-6	7.112524189176335E-4	1.1187218353819555E-4
69	5.648180973757678E-4	4.06559886516857E-4	5.457179684790027E-6	7.194381884448185E-4	1.1641983327552058E-4
70	5.830086963250679E-4	4.1110753625418203E-4	5.457179684790027E-6	7.349001975517236E-4	1.209674830128456E-4
71	6.04837415064228E-4	4.202028357288321E-4	5.457179684790027E-6	7.412669071839786E-4	1.218770129603106E-4
72	6.357614332780381E-4	4.2929813520348214E-4	5.457179684790027E-6	7.503622066586288E-4	1.218770129603106E-4
73	6.639568616494533E-4	4.3657437478320215E-4	5.457179684790027E-6	7.576384462383487E-4	1.236960728552406E-4
74	7.057952392328436E-4	4.5021732399517725E-4	5.457179684790027E-6	7.749195152401838E-4	1.246056028027056E-4
75	7.349001975517236E-4	4.5749356357489726E-4	5.457179684790027E-6	7.931101141894839E-4	1.2642466269763563E-4
76	7.821957548199039E-4	4.6658886304954734E-4	6.366709632255031E-6	8.08572123296389E-4	1.2733419264510063E-4
77	8.367675516678042E-4	4.7477463257673233E-4	6.366709632255031E-6	8.176674227710391E-4	1.2915325254003065E-4
78	9.068013576226095E-4	4.829604021039174E-4	6.366709632255031E-6	8.258531922982241E-4	1.3370090227735566E-4
79	9.995734122640399E-4	4.911461716311025E-4	6.366709632255031E-6	8.322199019304791E-4	1.3370090227735566E-4
80	0.0010787025176934955	4.947842914209624E-4	6.366709632255031E-6	8.431342613000592E-4	1.3370090227735566E-4
81	0.0011641983327552057	5.047891208430775E-4	7.276239579720036E-6	8.595058003544293E-4	1.3461043222482067E-4
82	0.0012833467558731214	5.093367705804025E-4	7.276239579720036E-6	8.731487495664043E-4	1.3461043222482067E-4
83	0.0014370573169947072	5.147939502651925E-4	7.276239579720036E-6	8.795154591986593E-4	1.3551996217228568E-4
84	0.001628968135909823	5.193416000025176E-4	7.276239579720036E-6	8.886107586733094E-4	1.3551996217228568E-4
85	0.0018608982725133992	5.229797197923776E-4	7.276239579720036E-6	8.967965282004945E-4	1.3824855201468068E-4
86	0.0021173857176985307	5.293464294246327E-4	7.276239579720036E-6	9.104394774124696E-4	1.400676119096107E-4
87	0.002444816498785932	5.384417288992827E-4	7.276239579720036E-6	9.158966570972596E-4	1.418866718045407E-4
88	0.002875024163936879	5.429893786366077E-4	7.276239579720036E-6	9.286300763617696E-4	1.4279620175200572E-4
89	0.003579000343274793	5.520846781112578E-4	8.18576952718504E-6	9.404539656788146E-4	1.4552479159440072E-4
>>END_MODULE
