##FastQC	0.11.8
>>Basic Statistics	pass
#Measure	Value
Filename	HG00119.mapped.ILLUMINA.bwa.GBR.exome.20120522.bam
File type	Conventional base calls
Encoding	Sanger / Illumina 1.9
Total Sequences	224197089
Sequences flagged as poor quality	0
Sequence length	76
%GC	45
>>END_MODULE
>>Per base sequence quality	fail
#Base	Mean	Median	Lower Quartile	Upper Quartile	10th Percentile	90th Percentile
1	27.254127639453873	26.0	26.0	33.0	25.0	33.0
2	30.075774882161827	31.0	29.0	34.0	27.0	35.0
3	30.916934831388467	32.0	30.0	35.0	27.0	37.0
4	31.610543221638352	33.0	31.0	36.0	26.0	38.0
5	32.18848251415075	34.0	31.0	37.0	28.0	38.0
6	32.41817513964242	34.0	31.0	37.0	27.0	39.0
7	32.6042780823082	35.0	32.0	37.0	27.0	39.0
8	32.68954192799533	35.0	32.0	37.0	27.0	39.0
9	32.52495532624868	35.0	32.0	37.0	27.0	39.0
10	32.729701753620894	35.0	32.0	37.0	27.0	39.0
11	32.87146376374227	35.0	32.0	38.0	27.0	39.0
12	32.92803139830241	35.0	33.0	38.0	26.0	39.0
13	32.96728321035426	35.0	33.0	38.0	26.0	40.0
14	33.043894842898695	35.0	33.0	38.0	26.0	40.0
15	33.037769696465595	35.0	33.0	38.0	25.0	40.0
16	33.064886328653444	35.0	33.0	38.0	26.0	40.0
17	32.96957344080413	35.0	33.0	38.0	25.0	40.0
18	32.755482253384656	35.0	32.0	38.0	24.0	40.0
19	32.91279313622132	35.0	33.0	38.0	24.0	40.0
20	32.960179068159086	35.0	32.0	38.0	24.0	40.0
21	32.97717432004659	35.0	33.0	39.0	24.0	40.0
22	32.89793995496525	36.0	33.0	39.0	23.0	40.0
23	32.816668413567136	35.0	33.0	38.0	23.0	40.0
24	32.782927493764205	36.0	33.0	38.0	22.0	40.0
25	32.774200556190095	36.0	33.0	38.0	22.0	40.0
26	32.763161046216794	36.0	33.0	38.0	22.0	40.0
27	32.64283677652924	36.0	33.0	38.0	21.0	40.0
28	32.535660005826394	36.0	33.0	38.0	20.0	40.0
29	32.50902301858166	36.0	33.0	38.0	19.0	40.0
30	32.46201555275323	36.0	32.0	39.0	18.0	40.0
31	32.42907422406363	36.0	33.0	39.0	16.0	40.0
32	32.29585162901022	36.0	33.0	39.0	14.0	40.0
33	32.13375400248841	36.0	32.0	39.0	13.0	40.0
34	31.954797352431278	35.0	32.0	38.0	11.0	40.0
35	31.880327344482158	35.0	32.0	38.0	7.0	40.0
36	31.869699244846128	35.0	32.0	38.0	2.0	40.0
37	31.65767300395234	35.0	32.0	38.0	2.0	40.0
38	31.440587250443738	35.0	32.0	38.0	2.0	40.0
39	31.383251911892575	35.0	31.0	38.0	2.0	40.0
40	31.24726010157964	35.0	31.0	38.0	2.0	40.0
41	31.291613313498463	35.0	32.0	38.0	2.0	40.0
42	31.051585397703356	35.0	31.0	38.0	2.0	40.0
43	30.831715848014422	35.0	31.0	38.0	2.0	40.0
44	30.643620448613408	35.0	31.0	38.0	2.0	40.0
45	30.55357678172173	35.0	31.0	38.0	2.0	40.0
46	30.52172743866447	35.0	31.0	38.0	2.0	40.0
47	29.89317952741126	35.0	29.0	38.0	2.0	40.0
48	30.054636298154612	35.0	30.0	38.0	2.0	40.0
49	29.861450234976065	35.0	29.0	38.0	2.0	40.0
50	29.713422059641463	35.0	30.0	37.0	2.0	40.0
51	29.9257093297942	35.0	30.0	38.0	2.0	40.0
52	29.62128157248286	35.0	30.0	38.0	2.0	40.0
53	29.433251294355564	35.0	29.0	38.0	2.0	40.0
54	29.17562125884694	35.0	29.0	37.0	2.0	40.0
55	29.03576790419433	35.0	29.0	37.0	2.0	40.0
56	29.026972219072835	35.0	28.0	38.0	2.0	40.0
57	28.695884905089024	35.0	27.0	38.0	2.0	40.0
58	28.38424510052403	35.0	27.0	37.0	2.0	40.0
59	28.09038952776055	34.0	26.0	37.0	2.0	40.0
60	27.741860341460544	34.0	25.0	37.0	2.0	39.0
61	27.507455732398025	34.0	23.0	37.0	2.0	39.0
62	27.27083953351419	34.0	22.0	37.0	2.0	39.0
63	26.873070903253343	34.0	19.0	37.0	2.0	39.0
64	26.478583707213076	34.0	17.0	37.0	2.0	39.0
65	26.118865816317534	33.0	12.0	36.0	2.0	39.0
66	25.915562534355654	34.0	2.0	37.0	2.0	39.0
67	25.403263844340103	33.0	2.0	36.0	2.0	39.0
68	24.865635771033585	33.0	2.0	36.0	2.0	39.0
69	24.256373413483526	32.0	2.0	35.0	2.0	38.0
70	23.41436387695471	31.0	2.0	35.0	2.0	37.0
71	22.760603341286025	32.0	2.0	35.0	2.0	37.0
72	22.1232200610776	31.0	2.0	34.0	2.0	37.0
73	21.442339048389695	30.0	2.0	34.0	2.0	36.0
74	20.800142284630645	29.0	2.0	33.0	2.0	35.0
75	19.985907890177824	28.0	2.0	32.0	2.0	35.0
76	17.775304535733735	24.0	2.0	31.0	2.0	33.0
>>END_MODULE
>>Per sequence quality scores	pass
#Quality	Count
1	27932.0
2	1.03993E7
3	1049835.0
4	792230.0
5	1076075.0
6	810520.0
7	931892.0
8	842870.0
9	989481.0
10	1019864.0
11	1134120.0
12	1243937.0
13	1333665.0
14	1460344.0
15	1556675.0
16	1643732.0
17	1762606.0
18	1855666.0
19	2035808.0
20	2193379.0
21	2439201.0
22	2684710.0
23	2975779.0
24	3304609.0
25	3650920.0
26	4077848.0
27	4507307.0
28	5109050.0
29	5801804.0
30	6820890.0
31	8188818.0
32	1.0340462E7
33	1.3951899E7
34	2.068032E7
35	3.8422668E7
36	4.8104085E7
37	8925001.0
38	51787.0
>>END_MODULE
>>Per base sequence content	pass
#Base	G	A	T	C
1	19.11356128268017	29.40789075098116	29.0038413478241	22.47470661851457
2	22.334189629018777	29.62397651826782	26.929454913663044	21.112378939050362
3	22.352837953217136	28.069685150996765	27.606752289277047	21.97072460650905
4	22.549492156876312	27.418023255422376	27.796801590050972	22.23568299765034
5	22.549041214357604	27.563957353612206	28.252869063790563	21.634132368239626
6	22.61825219327446	27.63696320784968	27.2817373645739	22.463047234301957
7	22.683030465217147	27.629162036086917	27.847000279294438	21.840807219401498
8	22.039784825216888	27.69887391356807	28.10606965552528	22.155271605689762
9	21.94317696961712	27.40082900897968	28.373714968261698	22.282279053141497
10	22.125844372582375	27.62112268103535	27.92639337078993	22.32663957559235
11	22.070050160196324	27.56886464301952	28.02647673984741	22.334608456936746
12	22.015625724739003	27.536454766368536	28.001265886195338	22.446653622697127
13	21.974592631753573	27.597257518361445	28.14341358375086	22.284736266134125
14	22.043759899130535	27.555781065471376	28.08347881805013	22.31698021734796
15	22.065002815446906	27.5111404323363	28.000483538838456	22.42337321337834
16	22.127116913636645	27.455090195216584	28.010687953223158	22.407104937923613
17	22.176957435874648	27.39909838882877	27.996600794401928	22.427343380894655
18	22.161099959687704	27.310167706950022	27.957605640455036	22.57112669290724
19	22.159235082664253	27.32284137730263	27.96121451871304	22.556709021320074
20	22.209664372582466	27.29330843363448	27.91236062837551	22.584666565407545
21	22.245826751122536	27.285649547394435	27.850734047666425	22.617789653816605
22	22.262365324466813	27.287323520957933	27.827830538870202	22.62248061570505
23	22.292325124703112	27.283145946645188	27.82699422114263	22.59753470750907
24	22.33301476987509	27.235326414073107	27.709279490243517	22.722379325808284
25	22.292207817203195	27.32534007165454	27.74143512630532	22.641016984836945
26	22.401767669695303	27.304942839824292	27.67991470219312	22.61337478828728
27	22.4175261258633	27.25444486034339	27.625035755928124	22.70299325786518
28	22.40365574059706	27.33531120914777	27.601826266352635	22.659206783902533
29	22.445048338696317	27.304433020537566	27.605140760770535	22.64537787999558
30	22.479164303511542	27.19941738404998	27.599930612836815	22.721487699601667
31	22.50094781560701	27.239027621808237	27.563892232338482	22.696132330246268
32	22.536500016733047	27.251492547256046	27.518892094089587	22.69311534192132
33	22.542281536938244	27.244601289180874	27.482201162745696	22.730916011135186
34	22.54926155620156	27.292211184775912	27.466358405750757	22.692168853271774
35	22.59797762137759	27.230471310891996	27.45755053046206	22.71400053726835
36	22.595732113216823	27.207210659780127	27.43301813900635	22.7640390879967
37	22.59593513135679	27.25685807815776	27.436880052539976	22.710326737945472
38	22.634069260277183	27.23383326151329	27.411670659889527	22.720426818320004
39	22.64490392834902	27.173936722469204	27.40647114296411	22.774688206217665
40	22.669498222593816	27.191114543137918	27.390687112117018	22.74870012215125
41	22.695997162013313	27.22730499171927	27.339315311268603	22.737382534998815
42	22.700895361825054	27.18800885540516	27.30152595508775	22.809569827682033
43	22.688841423806355	27.163527533580062	27.371762173058368	22.775868869555215
44	22.70679159416496	27.154378284700158	27.33651629559543	22.80231382553945
45	22.72022385521423	27.1218953918824	27.307009330220644	22.85087142268273
46	22.7424080219556	27.186011755689478	27.268356543367496	22.80322367898743
47	22.798657681030907	27.186336082505946	27.23284656171277	22.78215967475038
48	22.784928823730127	27.115657815036155	27.242644182692892	22.856769178540826
49	22.763396107784136	27.149516980771303	27.219673851040803	22.867413060403756
50	22.80762811308628	27.15357518391223	27.19549012826164	22.843306574739845
51	22.770809136699057	27.129936853254854	27.229634446425454	22.86961956362063
52	22.78935538766942	27.138975296380003	27.21959856556728	22.852070750383298
53	22.776161186718028	27.126757487741266	27.25021805925994	22.846863266280764
54	22.80366559802804	27.06941772173873	27.220032524329813	22.906884155903416
55	22.8374428921865	27.09857648129485	27.1877873995983	22.876193226920353
56	22.834583262770057	27.108775348505727	27.160928016124174	22.895713372600046
57	22.855303442409994	27.108489352419735	27.144896604790443	22.89131060037983
58	22.828234397763318	27.131156237226918	27.149508396305688	22.891100968704077
59	22.855583553094217	27.11767100597814	27.11630033697717	22.91044510395048
60	22.852816791033355	27.070959873167666	27.06580770992972	23.010415625869253
61	22.863172613422417	27.10288056104211	27.04848446129696	22.98546236423851
62	22.844919748791266	27.062028936290517	27.077571573507626	23.015479741410587
63	22.859243279470057	27.03653748153706	27.078732052582538	23.025487186410345
64	22.866552027354825	27.074943867803743	27.035305529769836	23.023198575071596
65	22.95573800853006	27.03993632809057	26.979491226160356	23.02483443721902
66	22.943858115838424	27.030140431484373	26.934846152262036	23.09115530041516
67	22.9591637952753	27.023943253421535	26.921668941250477	23.095224010052693
68	22.943765178181657	27.025251330955562	26.91405126823924	23.116932222623536
69	22.965806142179705	26.976125133469974	26.872930403344252	23.185138321006065
70	23.099707980519224	26.96145942237263	26.781978899461688	23.156853697646458
71	23.14069451633347	26.96122342640323	26.726114160888915	23.17196789637439
72	23.172054487310408	26.908304720932986	26.65472470333044	23.264916088426162
73	23.168000562220865	26.927539026920698	26.67332820126001	23.231132209598428
74	23.17369401122931	26.933248904039125	26.64726566364714	23.245791421084427
75	23.31192800475992	26.90260373294412	26.562001982682364	23.223466279613593
76	23.75979156782643	26.47174845367602	26.292560468724236	23.475899509773313
>>END_MODULE
>>Per sequence GC content	warn
#GC Content	Count
0	357.0
1	601.0
2	1081.0
3	1490.5
4	1664.0
5	1898.0
6	2418.0
7	3069.5
8	3435.0
9	3908.0
10	5125.5
11	7274.5
12	8679.0
13	11759.0
14	21972.5
15	45054.0
16	92555.5
17	124109.0
18	180331.5
19	325757.5
20	548641.0
21	682321.0
22	865552.0
23	1285583.5
24	1808157.0
25	2093930.0
26	2423031.5
27	3117046.5
28	3871068.0
29	4260176.0
30	4671215.0
31	5504967.0
32	6355480.0
33	6783280.0
34	7208286.5
35	8031784.0
36	8784806.0
37	9139337.0
38	9405795.5
39	9819351.0
40	1.0003302E7
41	1.0000184E7
42	9960212.0
43	9861081.0
44	9611551.0
45	9296308.5
46	9131465.0
47	8944353.5
48	8564571.0
49	8183091.5
50	7994283.0
51	7815761.0
52	7477103.0
53	7170845.0
54	7024723.0
55	6871741.5
56	6532289.5
57	6120037.0
58	5894255.0
59	5613013.0
60	5023342.0
61	4397786.5
62	4080660.0
63	3774471.5
64	3180458.0
65	2631843.0
66	2135332.0
67	1899611.0
68	1692432.0
69	1309912.0
70	991510.0
71	848449.0
72	736462.0
73	538853.5
74	388867.5
75	324503.0
76	278549.5
77	198819.5
78	141059.0
79	117075.0
80	99735.0
81	70016.0
82	48472.5
83	39308.0
84	32525.5
85	21180.0
86	13516.0
87	10415.0
88	8428.5
89	5193.5
90	3158.5
91	1929.5
92	1487.0
93	1203.5
94	721.5
95	422.5
96	322.0
97	243.0
98	118.5
99	46.0
100	19.0
>>END_MODULE
>>Per base N content	pass
#Base	N-Count
1	0.0
2	0.0
3	0.0
4	0.0
5	0.0
6	0.0
7	0.0
8	0.0
9	0.0
10	0.0
11	0.0
12	0.0
13	0.0
14	0.0
15	0.0
16	0.0
17	0.0
18	0.0
19	0.0
20	0.0
21	0.0
22	0.0
23	0.0
24	0.0
25	0.0
26	0.0
27	0.0
28	0.0
29	0.0
30	0.0
31	0.0
32	0.0
33	0.0
34	0.0
35	0.0
36	3.5459871648913335E-4
37	2.542405891808881E-4
38	6.779749044823682E-5
39	0.0012279374421315524
40	1.9893211013101067E-4
41	0.0019415952363235189
42	4.058928704466809E-4
43	0.0
44	2.899234788904864E-5
45	1.471919200520931E-5
46	0.0014175027937137934
47	1.347029086537337E-4
48	6.110694862768713E-4
49	4.201660263305203E-4
50	9.054533263810575E-5
51	4.549568437973786E-5
52	1.2489011398359412E-5
53	2.676216728219874E-6
54	8.920722427399582E-7
55	1.4094741435291338E-4
56	0.005783750385804518
57	0.0
58	1.561126424794927E-5
59	0.0
60	0.0
61	3.8715935334914187E-4
62	4.023245814757211E-4
63	0.0
64	0.0
65	1.1730749992030449E-4
66	0.0
67	1.3381083641099371E-5
68	1.2176786113400429E-4
69	6.83327337938808E-4
70	2.6762167282198743E-5
71	0.005715952895356282
72	3.122252849589853E-6
73	2.2301806068498954E-4
74	0.0014192869381992733
75	8.131238492574719E-4
76	0.3154438816107911
>>END_MODULE
>>Sequence Length Distribution	pass
#Length	Count
76	2.24197089E8
>>END_MODULE
>>Sequence Duplication Levels	pass
#Total Deduplicated Percentage	80.74461642801467
#Duplication Level	Percentage of deduplicated	Percentage of total
1	88.13830174886861	71.16693367329012
2	8.341467828282694	13.470572404826214
3	1.778706812457193	4.30862997929258
4	0.5904111920720915	1.906901009546717
5	0.2607829205149395	1.0528408443978117
6	0.16490232061970408	0.79889847759165
7	0.12048353488410435	0.6809877767075833
8	0.09894394137535277	0.6391352475383063
9	0.08453141726897925	0.6142911177150167
>10	0.41908675454812966	5.219523326956461
>50	0.0021993288413584035	0.10809889805317768
>100	1.6631399439519335E-4	0.02601164815489264
>500	1.5886272391985517E-5	0.007175595929431207
>1k	0.0	0.0
>5k	0.0	0.0
>10k+	0.0	0.0
>>END_MODULE
>>Overrepresented sequences	pass
>>END_MODULE
>>Adapter Content	pass
#Position	Illumina Universal Adapter	Illumina Small RNA 3' Adapter	Illumina Small RNA 5' Adapter	Nextera Transposase Sequence	SOLID Small RNA Adapter
1	8.028650184659623E-6	4.0143250923298116E-6	0.0	9.81279467013954E-6	3.1222528495898535E-6
2	1.0704866912879498E-5	9.36675854876956E-6	0.0	1.7395408733429185E-5	3.5682889709598325E-6
3	1.5611264247949267E-5	1.6057300369319246E-5	0.0	2.899234788904864E-5	5.352433456439749E-6
4	2.76542395249387E-5	1.873351709753912E-5	4.4603612136997907E-7	3.969721480192814E-5	6.244505699179707E-6
5	3.6128925830968304E-5	2.5424058918088808E-5	4.4603612136997907E-7	5.307829844302751E-5	6.244505699179707E-6
6	4.371153989425795E-5	3.1668564617268516E-5	8.920722427399581E-7	6.378316535590701E-5	7.5826140632896445E-6
7	5.129415395754759E-5	3.568288970959833E-5	8.920722427399581E-7	7.002767105508671E-5	8.920722427399582E-6
8	5.798469577809728E-5	3.657496195233829E-5	8.920722427399581E-7	8.251668245344612E-5	9.81279467013954E-6
9	5.97688402635772E-5	3.83591064378182E-5	8.920722427399581E-7	8.653100754577594E-5	1.2935047519729394E-5
10	6.333712923453703E-5	4.192739540877803E-5	8.920722427399581E-7	9.411362160906558E-5	1.3381083641099373E-5
11	6.60133459627569E-5	4.549568437973786E-5	8.920722427399581E-7	1.0749470525016496E-4	1.427315588383933E-5
12	6.735145432686684E-5	5.486244292850743E-5	8.920722427399581E-7	1.1596939155619456E-4	1.5165228126579289E-5
13	7.359596002604655E-5	5.97688402635772E-5	8.920722427399581E-7	1.320266919255138E-4	1.6057300369319246E-5
14	7.894839348248629E-5	6.378316535590701E-5	8.920722427399581E-7	1.449617394452432E-4	1.7841444854799164E-5
15	8.251668245344612E-5	7.047370717645669E-5	8.920722427399581E-7	1.5611264247949267E-4	1.8287480976169143E-5
16	8.519289918166601E-5	7.181181554056663E-5	1.7841444854799163E-6	1.6726354551374216E-4	1.91795532189091E-5
17	9.009929651673577E-5	7.359596002604655E-5	1.7841444854799163E-6	1.7975255691210157E-4	2.1409733825758996E-5
18	9.678983833728545E-5	8.251668245344612E-5	1.7841444854799163E-6	1.9224156831046098E-4	2.274784218986893E-5
19	1.06602633007425E-4	8.385479081755607E-5	1.7841444854799163E-6	2.0383850746608044E-4	2.453198667534885E-5
20	1.1507731931345461E-4	8.74230797885159E-5	1.7841444854799163E-6	2.1498941050032992E-4	2.5870095039458787E-5
21	1.2087578889126432E-4	9.500569385180554E-5	1.7841444854799163E-6	2.2524824129183942E-4	2.6316131160828767E-5
22	1.2489011398359413E-4	1.0303434403646517E-4	1.7841444854799163E-6	2.3550707208334895E-4	2.6762167282198746E-5
23	1.2845840295455397E-4	1.0571056076468504E-4	2.2301806068498955E-6	2.4978022796718827E-4	2.899234788904864E-5
24	1.3737912538195355E-4	1.1150903034249477E-4	2.2301806068498955E-6	2.6003905875869777E-4	3.0330456253158578E-5
25	1.431775949597633E-4	1.1909164440578442E-4	2.2301806068498955E-6	2.685137450647274E-4	3.1222528495898534E-5
26	1.4808399229483305E-4	1.235520056194842E-4	2.6762167282198745E-6	2.810027564630868E-4	3.211460073863849E-5
27	1.5923489532908253E-4	1.2890443907592395E-4	2.6762167282198745E-6	2.881393344050065E-4	3.211460073863849E-5
28	1.641412926641523E-4	1.320266919255138E-4	2.6762167282198745E-6	2.9572194846829613E-4	3.389874522411841E-5
29	1.7440012345566183E-4	1.3827119762469352E-4	2.6762167282198745E-6	3.0999510435213547E-4	3.657496195233829E-5
30	1.8555102648991128E-4	1.427315588383933E-4	2.6762167282198745E-6	3.175777184154251E-4	3.702099807370826E-5
31	1.9670192952416077E-4	1.4451570332387322E-4	3.1222528495898535E-6	3.3229691042063443E-4	3.702099807370826E-5
32	2.0919094092252018E-4	1.4986813678031296E-4	3.1222528495898535E-6	3.41663668969404E-4	3.746703419507824E-5
33	2.2658634965594938E-4	1.5432849799401277E-4	3.1222528495898535E-6	3.5058439139680356E-4	3.969721480192814E-5
34	2.457659028748585E-4	1.6146507593593241E-4	4.0143250923298116E-6	3.684258362516027E-4	4.281946765151799E-5
35	2.6985185342883735E-4	1.6503336490689225E-4	4.0143250923298116E-6	3.7467034195078243E-4	4.460361213699791E-5
36	2.8903140664774643E-4	1.726159789701819E-4	4.0143250923298116E-6	3.84037100499552E-4	4.727982886521778E-5
37	3.153475378085752E-4	1.7529219569840178E-4	4.0143250923298116E-6	3.9474196741243146E-4	4.772586498658776E-5
38	3.4210970509077396E-4	1.8019859303347154E-4	4.0143250923298116E-6	4.027706175970911E-4	4.861793722932772E-5
39	3.6976394461571264E-4	1.8242877364032145E-4	4.0143250923298116E-6	4.1169134002449066E-4	5.0848117836177615E-5
40	3.960800757765414E-4	1.8376688200443138E-4	4.0143250923298116E-6	4.1838188184504035E-4	5.4416406807137444E-5
41	4.2997882100065984E-4	1.8599706261128126E-4	4.0143250923298116E-6	4.326550377288797E-4	5.486244292850743E-5
42	4.6878396355984803E-4	1.91795532189091E-4	4.0143250923298116E-6	4.3800747118531946E-4	5.6646587413987345E-5
43	5.031287449053363E-4	1.9491778503868086E-4	4.0143250923298116E-6	4.4826630197682897E-4	5.798469577809728E-5
44	5.499625376491842E-4	1.9982418237375063E-4	4.460361213699791E-6	4.5540287991874864E-4	6.110694862768714E-5
45	5.887676802083724E-4	2.047305797088204E-4	4.460361213699791E-6	4.6566171071025814E-4	6.422920147727698E-5
46	6.458603037437297E-4	2.0919094092252018E-4	4.460361213699791E-6	4.7547450538039767E-4	6.422920147727698E-5
47	7.016148189149771E-4	2.154354466216999E-4	4.460361213699791E-6	4.8261108332231734E-4	6.60133459627569E-5
48	7.725345622128037E-4	2.216799523208796E-4	4.460361213699791E-6	4.937619863565668E-4	6.779749044823682E-5
49	8.568353891517298E-4	2.256942774132094E-4	4.460361213699791E-6	5.071430699976662E-4	6.868956269097677E-5
50	9.16604229415307E-4	2.2881653026279926E-4	4.460361213699791E-6	5.200781175173955E-4	7.047370717645669E-5
51	0.001001351092475603	2.3729121656882886E-4	5.352433456439749E-6	5.32567128915755E-4	7.181181554056663E-5
52	0.0010990330030556284	2.4219761390389865E-4	5.352433456439749E-6	5.410418152217846E-4	7.314992390467657E-5
53	0.001216786539097303	2.475500473603384E-4	5.352433456439749E-6	5.495165015278142E-4	7.359596002604655E-5
54	0.0013510434116296667	2.524564446954082E-4	5.352433456439749E-6	5.611134406834337E-4	7.716424899700639E-5
55	0.0015089401985946393	2.5647076978773796E-4	5.352433456439749E-6	5.704801992322033E-4	7.850235736111631E-5
56	0.0016967214056914004	2.609311310014378E-4	5.798469577809728E-6	5.794009216596028E-4	7.894839348248629E-5
57	0.001940703164080779	2.6672960057924747E-4	6.244505699179707E-6	5.927820053007022E-4	8.11785740893362E-5
58	0.002235533040306335	2.7163599791431726E-4	6.244505699179707E-6	6.057170528204316E-4	8.430082693892604E-5
59	0.0026762167282198745	2.7386617852116714E-4	6.244505699179707E-6	6.141917391264611E-4	8.876118815262583E-5
60	0.0031896043039167203	2.77880503613497E-4	6.244505699179707E-6	6.235584976752307E-4	8.876118815262583E-5
61	0.003952772107580754	2.8501708155541665E-4	6.244505699179707E-6	6.329252562240004E-4	9.232947712358567E-5
62	0.004917102201982649	2.917076233759663E-4	6.6905418205496865E-6	6.498746288360596E-4	9.277551324495564E-5
63	0.006238707229601897	2.961679845896661E-4	7.136577941919665E-6	6.61025531870309E-4	9.366758548769561E-5
64	0.00807726812188895	3.0196645416747585E-4	7.136577941919665E-6	6.695002181763386E-4	9.545172997317553E-5
65	0.01045731686551916	3.0821095986665557E-4	7.5826140632896445E-6	6.810971573319581E-4	9.634380221591548E-5
>>END_MODULE
