##FastQC	0.11.8
>>Basic Statistics	pass
#Measure	Value
Filename	HG00171.mapped.ILLUMINA.bwa.FIN.exome.20120522.bam
File type	Conventional base calls
Encoding	Sanger / Illumina 1.9
Total Sequences	130626439
Sequences flagged as poor quality	0
Sequence length	90
%GC	44
>>END_MODULE
>>Per base sequence quality	pass
#Base	Mean	Median	Lower Quartile	Upper Quartile	10th Percentile	90th Percentile
1	28.884155603445638	29.0	29.0	31.0	28.0	31.0
2	30.197141797611124	30.0	28.0	33.0	26.0	36.0
3	31.252474715321604	31.0	29.0	34.0	28.0	36.0
4	31.86120013575506	32.0	30.0	35.0	28.0	37.0
5	32.46931394952901	32.0	31.0	36.0	29.0	38.0
6	32.60065703850351	32.0	31.0	36.0	29.0	38.0
7	32.43133663009829	32.0	31.0	36.0	29.0	38.0
8	32.349153091435035	32.0	31.0	36.0	29.0	38.0
9	32.43589080767945	32.0	31.0	36.0	29.0	38.0
10	32.15227088139485	32.0	30.0	36.0	28.0	38.0
11	32.413409983563895	32.0	31.0	36.0	29.0	38.0
12	32.33465045311386	32.0	31.0	36.0	28.0	38.0
13	32.23457810864767	32.0	30.0	36.0	27.0	38.0
14	32.44457356753023	32.0	31.0	36.0	29.0	38.0
15	32.55267470010416	32.0	31.0	36.0	29.0	38.0
16	32.64450173061825	33.0	31.0	36.0	29.0	38.0
17	31.772246015219018	32.0	30.0	36.0	26.0	38.0
18	32.61733246819964	33.0	31.0	36.0	29.0	38.0
19	32.56702773624565	33.0	31.0	36.0	29.0	38.0
20	31.354231198172677	32.0	30.0	36.0	25.0	38.0
21	32.53933152843583	33.0	31.0	36.0	29.0	38.0
22	32.46422808019746	33.0	31.0	36.0	29.0	38.0
23	32.38446313307217	33.0	31.0	36.0	29.0	38.0
24	32.292230174015536	33.0	31.0	36.0	28.0	38.0
25	32.378554750313604	33.0	31.0	36.0	29.0	38.0
26	32.30786089177552	33.0	31.0	36.0	29.0	38.0
27	32.261820051605326	33.0	31.0	36.0	28.0	38.0
28	32.2466673381489	33.0	31.0	36.0	28.0	38.0
29	30.810394471520425	32.0	29.0	36.0	22.0	38.0
30	32.09091640322523	33.0	31.0	36.0	28.0	38.0
31	32.18922634796773	33.0	31.0	36.0	28.0	38.0
32	32.16181510543972	33.0	31.0	36.0	28.0	38.0
33	31.462949617726316	32.0	30.0	36.0	25.0	38.0
34	32.15955805853362	33.0	31.0	36.0	28.0	38.0
35	29.850176195953715	32.0	27.0	35.0	20.0	38.0
36	31.73960808194427	33.0	31.0	36.0	26.0	38.0
37	31.813892331551656	33.0	31.0	36.0	27.0	38.0
38	31.653099124902273	32.0	31.0	36.0	27.0	38.0
39	31.704084645528766	32.0	31.0	36.0	27.0	38.0
40	30.74377441308034	32.0	29.0	35.0	22.0	38.0
41	27.809641124795572	30.0	23.0	33.0	17.0	38.0
42	31.869335165754613	33.0	31.0	36.0	28.0	38.0
43	31.60140288291867	33.0	31.0	36.0	27.0	38.0
44	31.321082411195487	32.0	30.0	36.0	26.0	38.0
45	29.81743953075227	32.0	28.0	35.0	20.0	38.0
46	30.74882350578354	32.0	30.0	36.0	23.0	38.0
47	30.159553786810342	32.0	29.0	35.0	21.0	38.0
48	30.50085645372297	32.0	30.0	35.0	22.0	38.0
49	30.801413693900052	32.0	30.0	35.0	23.0	38.0
50	30.302173245341244	32.0	30.0	35.0	21.0	38.0
51	30.53523549700379	32.0	30.0	35.0	22.0	38.0
52	30.733370378411678	32.0	30.0	35.0	24.0	38.0
53	30.2949106267836	32.0	30.0	35.0	20.0	38.0
54	30.508158880454516	32.0	30.0	35.0	22.0	38.0
55	29.2114379386856	32.0	28.0	35.0	15.0	38.0
56	29.85448409108052	32.0	29.0	35.0	18.0	38.0
57	30.428867375003616	32.0	30.0	35.0	21.0	38.0
58	28.967060305456233	31.0	27.0	34.0	17.0	38.0
59	30.408228069357385	32.0	30.0	35.0	21.0	38.0
60	30.02425312229479	32.0	30.0	35.0	19.0	38.0
61	29.438389819384113	32.0	28.0	35.0	16.0	38.0
62	28.132286366621386	31.0	26.0	34.0	13.0	38.0
63	29.337712934209282	32.0	28.0	35.0	15.0	38.0
64	29.61677103515009	32.0	29.0	35.0	15.0	38.0
65	26.21860716114293	29.0	22.0	33.0	10.0	37.0
66	28.627840455790118	32.0	27.0	34.0	10.0	38.0
67	28.305600530073395	32.0	26.0	34.0	8.0	38.0
68	29.09299769704355	32.0	29.0	35.0	8.0	38.0
69	28.779506681645053	32.0	28.0	34.0	5.0	38.0
70	26.73933754712551	30.0	23.0	33.0	2.0	38.0
71	28.962752647647388	32.0	29.0	35.0	2.0	38.0
72	28.069636806068026	32.0	27.0	34.0	2.0	37.0
73	27.645430884018815	31.0	26.0	34.0	2.0	37.0
74	27.313885093353882	31.0	26.0	34.0	2.0	37.0
75	27.42927624322669	31.0	25.0	34.0	2.0	37.0
76	27.39751440364994	31.0	26.0	34.0	2.0	38.0
77	27.449311773706086	31.0	27.0	34.0	2.0	37.0
78	27.19058280383805	31.0	26.0	34.0	2.0	38.0
79	25.962309123346767	30.0	23.0	33.0	2.0	37.0
80	25.937980181791527	30.0	23.0	33.0	2.0	37.0
81	27.02984557360551	31.0	26.0	34.0	2.0	38.0
82	27.654145720071263	32.0	28.0	34.0	2.0	38.0
83	26.560311867645723	31.0	24.0	34.0	2.0	38.0
84	25.689378748202728	30.0	22.0	33.0	2.0	38.0
85	25.857588301859778	31.0	23.0	34.0	2.0	38.0
86	26.38063305851888	31.0	26.0	34.0	2.0	38.0
87	25.533705523427766	31.0	23.0	33.0	2.0	37.0
88	25.212127125351707	30.0	23.0	33.0	2.0	37.0
89	24.90368236249631	30.0	22.0	33.0	2.0	36.0
90	24.902863179176155	30.0	23.0	33.0	2.0	36.0
>>END_MODULE
>>Per sequence quality scores	pass
#Quality	Count
2	1398445.0
3	152612.0
4	187969.0
5	193026.0
6	244616.0
7	257258.0
8	329163.0
9	369633.0
10	427647.0
11	486375.0
12	561630.0
13	631202.0
14	700679.0
15	803238.0
16	894973.0
17	898380.0
18	904063.0
19	1046337.0
20	1244517.0
21	1458968.0
22	1656164.0
23	1882496.0
24	2156744.0
25	2494749.0
26	2968728.0
27	3605344.0
28	4525115.0
29	5823398.0
30	7758716.0
31	1.0875636E7
32	1.6954474E7
33	3.298598E7
34	2.2964419E7
35	783673.0
36	72.0
>>END_MODULE
>>Per base sequence content	pass
#Base	G	A	T	C
1	16.717976978611503	30.316765352533263	29.531638690694155	23.433618978161075
2	22.505064996834218	31.01885828794583	27.241544110377227	19.23453260484273
3	21.440091465710093	29.190930482304584	27.94538248110706	21.423595570878266
4	20.990430581974298	28.499803167718596	28.237460411823673	22.272305838483433
5	21.059801683792358	28.523542619117098	28.983684535716385	21.432971161374155
6	21.35936508228629	28.484414246337984	27.983148189471812	22.173072481903912
7	21.732665467516878	28.39060475345271	28.4145011409214	21.462228638109014
8	20.92504259417192	28.43948383221256	28.95248870712919	21.682984866486333
9	20.95290219156935	27.94512908676933	29.286527515306453	21.815441206354862
10	21.390352683502304	28.12908495499904	28.428110943145285	22.05245141835337
11	21.301111178572356	28.148773924702947	28.524032565872826	22.026082330851875
12	21.36454014489364	28.27401656413523	28.384793525604724	21.976649765366414
13	21.257158361332962	28.37043655457836	28.520103805325352	21.852301278763328
14	21.33915324752901	28.3402711452618	28.501221716684782	21.819353890524415
15	21.298193698750374	28.217205706725267	28.530319195182223	21.954281399342136
16	21.339834579736188	28.16090852786701	28.546103901676446	21.953152990720355
17	21.435636777942022	28.07626716364824	28.49496877121484	21.9931272871949
18	21.450739386687253	27.982329825281386	28.429142127957725	22.13778866007363
19	21.474703907376668	27.954188508499417	28.411781936427126	22.159325647696786
20	21.6177997472625	27.944882582307855	28.30497660584623	22.13234106458341
21	21.637682399043275	27.886183898804745	28.24398206246746	22.23215163968452
22	21.636971976247473	27.90353566937548	28.215879788317586	22.243612566059465
23	21.724024797154577	27.867911181441606	28.187010441278275	22.221053580125535
24	21.768856456387056	27.812580881884102	28.104827231797998	22.31373542993084
25	21.76602777941455	27.819372003243544	28.108535516305395	22.30606470103652
26	21.876670005526215	27.81793048802318	28.05606757755985	22.24933192889075
27	21.929052203589507	27.748429244098126	27.979847938746914	22.342670613565453
28	21.92150625800953	27.780800179357257	27.953997888589765	22.343695674043445
29	22.00863486755541	27.753382299581787	27.917336857050817	22.32064597581199
30	22.026979545848295	27.667218272711242	27.903049550328777	22.402752631111685
31	21.98656200066818	27.694338356724245	27.93600535952756	22.383094283080013
32	22.046235218890107	27.683438572492967	27.89506188712685	22.375264321490075
33	22.05908636918442	27.657318286078365	27.84342456124062	22.440170783496594
34	22.036109397424514	27.69115370281203	27.855429787839505	22.41730711192395
35	22.09728078096043	27.64665046101425	27.829701458829483	22.42636729919584
36	22.107925882603002	27.600446684556545	27.81451187077346	22.47711556206699
37	22.089229193831127	27.6219687094959	27.82937053516817	22.459431561504807
38	22.15583912333256	27.599105822408816	27.794466693766438	22.45058836049219
39	22.19112523688068	27.53155846359348	27.7627933710256	22.514522928500238
40	22.18607171190593	27.546996613974844	27.761812773954205	22.505118900165026
41	22.24860709574151	27.516671298082546	27.739339076003212	22.495382530172733
42	22.22523142320233	27.48004963418304	27.71742478461236	22.577294158002275
43	22.213388464798697	27.492944708977852	27.732679495274898	22.560987330948553
44	22.271713626250556	27.477565711605262	27.715869631548458	22.534851030595725
45	22.29600735416216	27.441259076828377	27.68250350424853	22.580230064760933
46	22.288004209377586	27.47281143806432	27.678378553046052	22.56080579951204
47	22.37476116139502	27.46441337417031	27.625974907321755	22.53485055711292
48	22.361252557752334	27.410991045547238	27.62444329021127	22.603313106489157
49	22.34603645707924	27.418595013702703	27.631793832958472	22.60357469625959
50	22.413942278690016	27.426083786509114	27.577332830729006	22.58264110407186
51	22.36598265899317	27.34223969090428	27.706923284072214	22.58485436603034
52	22.365065049646002	27.35004100251221	27.708405998447937	22.576487949393854
53	22.401895843253673	27.325624305895207	27.73257931084449	22.53990054000663
54	22.406100715688144	27.282258349127233	27.692436068869647	22.61920486631498
55	22.424736941444465	27.294248897054334	27.71888838494933	22.562125776551873
56	22.464931467664062	27.304865135303885	27.651386868166867	22.578816528865186
57	22.457546084727785	27.280324302568864	27.63923488090375	22.6228947317996
58	22.462132494600397	27.302615391743178	27.639507877146034	22.59574423651039
59	22.50732326883146	27.295057083966196	27.61491423998519	22.582705407217155
60	22.505033230702423	27.255538410212964	27.56838649516159	22.671041863923016
61	22.501459525351127	27.248581375654997	27.594999175166553	22.654959923827324
62	22.5764406327641	27.228846485340487	27.593278074330392	22.601434807565028
63	22.547342514778336	27.187975822826317	27.59405621309856	22.670625449296786
64	22.536398202455757	27.22782908026497	27.585626483864058	22.650146233415217
65	22.615490810206808	27.222280484228957	27.543238602423585	22.618990103140646
66	22.611806381516654	27.199142351256572	27.52844538571686	22.66060588150992
67	22.599252766863405	27.207281031647852	27.528645541988844	22.6648206594999
68	22.642614240811103	27.181647212666814	27.52798292682501	22.647755619697072
69	22.670606971301527	27.167451438307396	27.479748114676305	22.682193475714772
70	22.66957953148635	27.176634814490015	27.49580041037884	22.65798524364479
71	22.702933677063726	27.176336907493187	27.485111375908684	22.63561803953441
72	22.695460950220973	27.124832318591068	27.488083442098326	22.691623289089634
73	22.676062245640527	27.154725789314217	27.47348217914999	22.69572978589527
74	22.735404625634857	27.152078717419197	27.4457551039228	22.666761553023147
75	22.76411762831656	27.09379092155908	27.464576504796067	22.677514945328294
76	22.71745541351821	27.101578055100727	27.569609914274274	22.61135661710679
77	22.803947029624815	27.114906950364038	27.47609274897379	22.605053271037352
78	22.8049409641957	27.066031143304738	27.477098103142346	22.65192978935722
79	22.800106855081108	27.08386183204713	27.49606690545871	22.619964407413054
80	22.83833158411857	27.058668430396125	27.501479947764246	22.60152003772106
81	22.850701756777983	27.043527528531374	27.439292394473746	22.6664783202169
82	22.82812583647437	27.082305353817986	27.410057663158057	22.679511146549586
83	22.869335776298996	27.043508481914603	27.45184776940003	22.63530797238637
84	22.89127497090167	26.964700147076343	27.49490683480874	22.64911804721325
85	22.854348784759292	27.022789876189528	27.474845988300572	22.648015350750608
86	22.915366228657913	27.04246344523878	27.40996018332379	22.63221014277952
87	22.928141284174398	26.976319508317964	27.45537439850866	22.640164808998982
88	22.952174590532145	27.019546332219985	27.386258724855917	22.64202035239195
89	22.985844372112556	26.9781253127997	27.438434033066866	22.59759628202088
90	23.006793613520692	26.948944978975582	27.385696524676074	22.658564882827655
>>END_MODULE
>>Per sequence GC content	pass
#GC Content	Count
0	339.0
1	506.0
2	840.5
3	1200.0
4	1649.5
5	2128.5
6	2769.0
7	3540.0
8	4506.0
9	5904.0
10	6688.0
11	8003.5
12	11149.0
13	15919.0
14	23901.0
15	38166.5
16	62586.5
17	102309.0
18	163587.5
19	249471.0
20	298602.0
21	366366.0
22	522406.0
23	718655.5
24	952089.0
25	1219307.5
26	1515428.0
27	1830464.5
28	2158474.0
29	2493078.0
30	2660347.0
31	2822147.5
32	3144433.5
33	3453123.0
34	3739419.5
35	3996995.0
36	4224179.5
37	4424673.5
38	4590329.0
39	4707021.0
40	4750850.0
41	4775307.5
42	4806289.5
43	4798799.5
44	4759132.0
45	4694119.5
46	4598804.0
47	4480744.0
48	4350555.0
49	4207362.5
50	4132255.0
51	4052613.0
52	3889710.0
53	3715941.5
54	3536818.5
55	3353226.0
56	3152462.0
57	2934826.0
58	2698812.0
59	2439832.5
60	2305018.0
61	2166278.5
62	1888108.0
63	1611072.0
64	1347352.0
65	1107557.5
66	892069.5
67	703444.5
68	542946.5
69	411099.5
70	352934.0
71	307120.5
72	226239.0
73	165167.5
74	120115.5
75	86978.0
76	63306.0
77	46387.5
78	33701.0
79	24604.0
80	20858.0
81	17886.5
82	12802.0
83	9202.0
84	6543.0
85	4494.5
86	3025.0
87	2098.0
88	1477.5
89	989.5
90	788.0
91	671.5
92	469.0
93	331.5
94	245.0
95	171.5
96	109.5
97	67.5
98	38.0
99	16.5
100	6.0
>>END_MODULE
>>Per base N content	pass
#Base	N-Count
1	0.0
2	0.0
3	0.0
4	0.0
5	0.0
6	0.0
7	0.0
8	0.0
9	0.0
10	0.0
11	0.0
12	0.0
13	0.0
14	0.0
15	0.0
16	0.0
17	0.0
18	0.0
19	0.0
20	0.0
21	0.0
22	0.0
23	0.0
24	0.0
25	0.0
26	0.0
27	0.0
28	0.0
29	0.0
30	0.0
31	0.0
32	0.0
33	0.0
34	0.0
35	0.0
36	0.002764371460818893
37	0.0035505828953968496
38	3.7205331762890664E-4
39	0.0016306040463982946
40	0.0016750054711359005
41	0.003090492270098552
42	8.72717658635707E-4
43	4.5932508349247735E-6
44	2.970302206584687E-4
45	1.5310836116415912E-6
46	7.655418058207956E-7
47	3.674600667939819E-5
48	2.3731795980444663E-5
49	9.186501669849547E-6
50	1.2172114712550649E-4
51	0.0025592062568589196
52	0.0011605613776243262
53	3.4449381261935806E-4
54	8.489858626552622E-4
55	7.961634780536275E-5
56	0.0
57	2.296625417462387E-5
58	1.4928065213505514E-4
59	3.0621672232831825E-6
60	7.655418058207956E-5
61	5.20568427958141E-5
62	1.5310836116415912E-6
63	6.660213710640922E-5
64	1.5310836116415912E-6
65	3.827709029103978E-5
66	0.003214510042641521
67	3.827709029103978E-6
68	2.2966254174623868E-6
69	2.5186325411504174E-4
70	0.001355774538108629
71	2.296625417462387E-5
72	1.5310836116415912E-6
73	2.9090588621190236E-5
74	1.5310836116415912E-6
75	7.655418058207956E-7
76	5.741563543655967E-5
77	0.0010908970732946338
78	2.449733778626546E-5
79	7.073606285784151E-4
80	1.5846715380490468E-4
81	0.001460653765506078
82	3.9808173902681374E-5
83	3.881296955511434E-4
84	3.0545118052249744E-4
85	0.001490509895933089
86	0.0028960446514200698
87	0.0011735755883232797
88	0.0025760481765869773
89	0.0013121386551768438
90	1.737779899213206E-4
>>END_MODULE
>>Sequence Length Distribution	pass
#Length	Count
90	1.30626439E8
>>END_MODULE
>>Sequence Duplication Levels	pass
#Total Deduplicated Percentage	87.4903486925781
#Duplication Level	Percentage of deduplicated	Percentage of total
1	91.2909322375423	79.87075493933095
2	6.473947014040955	11.328157633514358
3	1.2680549446171763	3.3282770779771367
4	0.4025183235132438	1.408658739173026
5	0.18478619017676073	0.8083504106068923
6	0.09583691925697749	0.5030883290049247
7	0.060575697456507475	0.3709852224936168
8	0.04271056752698622	0.2989409956635142
9	0.03760130019134488	0.296077577853156
>10	0.14291535261936436	1.7805276185013965
>50	1.1020523120382065E-4	0.005128494221522025
>100	1.1247827126122833E-5	0.001052961659509208
>500	0.0	0.0
>1k	0.0	0.0
>5k	0.0	0.0
>10k+	0.0	0.0
>>END_MODULE
>>Overrepresented sequences	pass
>>END_MODULE
>>Adapter Content	pass
#Position	Illumina Universal Adapter	Illumina Small RNA 3' Adapter	Illumina Small RNA 5' Adapter	Nextera Transposase Sequence	SOLID Small RNA Adapter
1	4.5932508349247735E-6	2.2966254174623868E-6	0.0	1.0717585281491138E-5	1.5310836116415912E-6
2	8.420959864028752E-6	3.0621672232831825E-6	0.0	1.8373003339699094E-5	2.2966254174623868E-6
3	9.186501669849547E-6	5.358792640745569E-6	0.0	2.5262879592086253E-5	3.0621672232831825E-6
4	1.0717585281491138E-5	6.889876252387161E-6	0.0	3.827709029103978E-5	5.358792640745569E-6
5	1.3014210698953525E-5	1.1483127087311933E-5	0.0	4.7463591960889327E-5	5.358792640745569E-6
6	1.3014210698953525E-5	1.4545294310595116E-5	0.0	5.741563543655967E-5	7.655418058207956E-6
7	1.4545294310595116E-5	1.6841919728057504E-5	0.0	6.430551168894683E-5	7.655418058207956E-6
8	1.8373003339699094E-5	1.913854514551989E-5	0.0	7.655418058207956E-5	7.655418058207956E-6
9	2.1435170562982277E-5	2.2200712368803073E-5	0.0	8.88028494752123E-5	9.952043475670342E-6
10	2.2966254174623867E-5	2.5262879592086253E-5	0.0	9.569272572759945E-5	1.0717585281491138E-5
11	2.602842139790705E-5	2.602842139790705E-5	0.0	1.0717585281491138E-4	1.0717585281491138E-5
12	2.602842139790705E-5	2.6793963203727846E-5	0.0	1.240177725429689E-4	1.3779752504774321E-5
13	2.7559505009548643E-5	2.9090588621190232E-5	7.655418058207956E-7	1.3090764879535605E-4	1.531083611641591E-5
14	2.7559505009548643E-5	2.985613042701103E-5	7.655418058207956E-7	1.377975250477432E-4	2.2200712368803073E-5
15	2.7559505009548643E-5	3.2152755844473415E-5	7.655418058207956E-7	1.4315631768848877E-4	2.3731795980444663E-5
16	2.985613042701103E-5	3.368383945611501E-5	7.655418058207956E-7	1.577016119990839E-4	2.6793963203727846E-5
17	3.062167223283182E-5	3.44493812619358E-5	7.655418058207956E-7	1.6535703005729184E-4	2.6793963203727846E-5
18	3.5214923067756595E-5	3.9042632096860574E-5	7.655418058207956E-7	1.76074615338783E-4	2.7559505009548643E-5
19	3.827709029103978E-5	3.980817390268137E-5	7.655418058207956E-7	1.8602665881445332E-4	2.985613042701103E-5
20	4.210479932014376E-5	4.2870341125964554E-5	7.655418058207956E-7	1.9827532770758606E-4	3.138721403865262E-5
21	4.363588293178535E-5	4.899467557253092E-5	7.655418058207956E-7	2.1128953840653957E-4	3.44493812619358E-5
22	4.516696654342694E-5	5.1291300989993306E-5	7.655418058207956E-7	2.2200712368803071E-4	3.5980464873577395E-5
23	4.669805015506853E-5	5.4353468213276485E-5	7.655418058207956E-7	2.3272470896952186E-4	3.9042632096860574E-5
24	4.899467557253092E-5	5.588455182491808E-5	7.655418058207956E-7	2.4114566883355062E-4	3.980817390268137E-5
25	5.0525759184172506E-5	5.8181177242380465E-5	1.5310836116415912E-6	2.5186325411504174E-4	4.133925751432296E-5
26	5.282238460163489E-5	6.047780265984285E-5	1.5310836116415912E-6	2.602842139790705E-4	4.210479932014376E-5
27	5.282238460163489E-5	6.200888627148444E-5	1.5310836116415912E-6	2.641119230081745E-4	4.210479932014376E-5
28	5.5119010019097285E-5	6.430551168894683E-5	1.5310836116415912E-6	2.7406396648384484E-4	4.363588293178535E-5
29	5.8181177242380465E-5	6.430551168894683E-5	2.2966254174623868E-6	2.80953842736232E-4	4.593250834924773E-5
30	6.124334446566364E-5	6.583659530058842E-5	2.2966254174623868E-6	2.9014034440608155E-4	4.822913376671012E-5
31	6.277442807730524E-5	6.96643043296924E-5	2.2966254174623868E-6	3.046856387166766E-4	4.899467557253092E-5
32	6.81332207180508E-5	7.425755516461718E-5	2.2966254174623868E-6	3.1616876580398855E-4	4.899467557253092E-5
33	7.042984613551319E-5	7.808526419372115E-5	2.2966254174623868E-6	3.2458972566801734E-4	5.0525759184172506E-5
34	7.272647155297558E-5	8.344405683446672E-5	2.2966254174623868E-6	3.4296272900771643E-4	5.1291300989993306E-5
35	7.502309697043796E-5	8.80373076693915E-5	2.2966254174623868E-6	3.5368031428920755E-4	5.20568427958141E-5
36	7.655418058207956E-5	9.186501669849547E-5	2.2966254174623868E-6	3.605701905415947E-4	5.20568427958141E-5
37	7.961634780536274E-5	9.492718392177865E-5	2.2966254174623868E-6	3.7358440124054827E-4	5.20568427958141E-5
38	8.420959864028752E-5	9.569272572759945E-5	2.2966254174623868E-6	3.843019865220394E-4	5.282238460163489E-5
39	8.956839128103308E-5	9.798935114506184E-5	2.2966254174623868E-6	3.9425402999770974E-4	5.4353468213276485E-5
40	9.492718392177865E-5	1.0105151836834501E-4	2.2966254174623868E-6	4.0726824069666325E-4	5.5119010019097285E-5
41	9.952043475670343E-5	1.04879227397449E-4	2.2966254174623868E-6	4.19516909589796E-4	5.588455182491808E-5
42	1.0105151836834501E-4	1.0717585281491138E-4	2.2966254174623868E-6	4.2870341125964554E-4	5.8181177242380465E-5
43	1.0717585281491138E-4	1.1253464545565696E-4	2.2966254174623868E-6	4.409520801527783E-4	5.894671904820126E-5
44	1.1023802003819457E-4	1.1559681267894013E-4	2.2966254174623868E-6	4.5013858182262783E-4	5.894671904820126E-5
45	1.1330018726147774E-4	1.1865897990222332E-4	2.2966254174623868E-6	4.654494179390437E-4	6.200888627148444E-5
46	1.1559681267894013E-4	1.217211471255065E-4	2.2966254174623868E-6	4.7387037780307245E-4	6.353996988312603E-5
47	1.224866889313273E-4	1.2707993976625206E-4	3.0621672232831825E-6	4.853535048903844E-4	6.430551168894683E-5
48	1.2784548157207288E-4	1.3090764879535605E-4	3.0621672232831825E-6	4.998987992009795E-4	6.507105349476763E-5
49	1.3550089963028082E-4	1.362664414361016E-4	3.0621672232831825E-6	5.02195424618442E-4	6.507105349476763E-5
50	1.4085969227102638E-4	1.416252340768472E-4	3.0621672232831825E-6	5.106163844824707E-4	6.660213710640922E-5
51	1.5004619394087592E-4	1.4468740130013037E-4	3.0621672232831825E-6	5.228650533756034E-4	6.736767891223002E-5
52	1.6152932102818786E-4	1.4698402671759275E-4	3.0621672232831825E-6	5.305204714338113E-4	6.81332207180508E-5
53	1.7301244811549982E-4	1.5157727755251752E-4	3.0621672232831825E-6	5.381758894920193E-4	7.119538794133399E-5
54	1.7990232436788697E-4	1.554049865816215E-4	3.0621672232831825E-6	5.50424558385152E-4	7.425755516461718E-5
55	1.8908882603773652E-4	1.5923269561072547E-4	3.0621672232831825E-6	5.588455182491807E-4	7.502309697043796E-5
56	2.043996621541524E-4	1.6612257186311266E-4	3.0621672232831825E-6	5.672664781132096E-4	7.731972238790035E-5
57	2.1282062201818117E-4	1.7148136450385822E-4	3.0621672232831825E-6	5.772185215888798E-4	7.961634780536274E-5
58	2.1664833104728516E-4	1.7913678256206616E-4	3.0621672232831825E-6	5.825773142296254E-4	8.038188961118354E-5
59	2.3425579258116346E-4	1.8526111700863253E-4	3.0621672232831825E-6	5.894671904820126E-4	8.114743141700434E-5
60	2.5033217050340016E-4	1.898543678435573E-4	3.0621672232831825E-6	6.009503175693245E-4	8.344405683446672E-5
61	2.6334638120235367E-4	1.9291653506684048E-4	3.0621672232831825E-6	6.086057356275325E-4	8.344405683446672E-5
62	2.77126133707128E-4	1.9750978590176525E-4	3.0621672232831825E-6	6.170266954915613E-4	8.497514044610831E-5
63	2.909058862119023E-4	2.0286857854251084E-4	3.0621672232831825E-6	6.223854881323069E-4	8.497514044610831E-5
64	3.0851334774578064E-4	2.0516520395997322E-4	3.0621672232831825E-6	6.308064479963356E-4	8.72717658635707E-5
65	3.2994851830876287E-4	2.1128953840653957E-4	3.0621672232831825E-6	6.353996988312604E-4	9.109947489267468E-5
66	3.4296272900771643E-4	2.1435170562982277E-4	3.0621672232831825E-6	6.453517423069307E-4	9.186501669849547E-5
67	3.7281885943472745E-4	2.1894495646474754E-4	3.827709029103978E-6	6.499449931418555E-4	9.263055850431627E-5
68	3.9348848819188893E-4	2.243037491054931E-4	3.827709029103978E-6	6.644902874524506E-4	9.263055850431627E-5
69	4.110959497257672E-4	2.2889699994041787E-4	3.827709029103978E-6	6.713801637048377E-4	9.569272572759945E-5
70	4.4248316376441986E-4	2.3349025077534265E-4	4.5932508349247735E-6	6.805666653746873E-4	9.875489295088263E-5
71	4.7693254502635565E-4	2.449733778626546E-4	4.5932508349247735E-6	6.974085851027447E-4	9.952043475670343E-5
72	5.090853008708291E-4	2.5569096314414575E-4	4.5932508349247735E-6	7.050640031609528E-4	1.0181706017416581E-4
73	5.412380567153025E-4	2.610497557848913E-4	4.5932508349247735E-6	7.111883376075191E-4	1.0181706017416581E-4
74	5.864050232587294E-4	2.6564300661981605E-4	4.5932508349247735E-6	7.157815884424438E-4	1.033481437858074E-4
75	6.285098225788731E-4	2.725328828722032E-4	4.5932508349247735E-6	7.272647155297558E-4	1.0564476920326978E-4
76	6.775044981514041E-4	2.7942275912459037E-4	4.5932508349247735E-6	7.37982300811247E-4	1.0794139462073218E-4
77	7.295613409472181E-4	2.832504681536944E-4	4.5932508349247735E-6	7.441066352578133E-4	1.1023802003819457E-4
78	7.961634780536274E-4	2.8937480260026073E-4	4.5932508349247735E-6	7.555897623451253E-4	1.1023802003819457E-4
79	8.780764512764525E-4	2.947335952410063E-4	5.358792640745569E-6	7.64010722209154E-4	1.1253464545565696E-4
>>END_MODULE
